Runtime: 2 ms
1
2
3
4
5
6
6
8
10
11
11
11
12
12
12
14
14
14
15
15
16
16
17
17
19
20
20
20
21
22
23
23
24
26
27
27
28
29
30
31
33
34
35
37
37
37
39
42
42
43
45
46
47
49
51
53
53
54
55
55
56
56
57
57
58
59
60
61
62
63
68
69
69
69
70
71
75
75
76
78
78
78
79
80
80
81
81
82
84
84
85
85
87
87
90
90
92
94
95
95
98
99
99
102
102
103
104
105
106
106
107
107
108
109
111
112
112
113
113
114
116
116
117
118
120
120
120
122
125
128
129
129
129
131
132
133
135
136
136
137
137
138
141
141
142
143
143
144
144
145
145
146
147
148
148
149
149
151
152
154
157
160
164
165
165
166
166
166
166
167
167
167
168
171
171
172
172
175
176
176
176
177
178
178
179
180
181
182
184
186
190
190
190
194
195
196
196
196
196
197
197
198
200
200
203
204
205
205
209
210
210
213
213
213
216
218
219
222
224
224
224
226
227
227
227
228
229
229
230
232
232
232
233
233
233
234
234
235
236
237
239
241
241
242
242
242
243
244
246
247
248
248
248
249
251
252
254
254
254
256
257
258
258
258
258
260
264
264
266
267
268
268
269
269
271
272
273
273
274
275
277
279
279
280
281
281
284
288
289
291
293
294
296
297
298
299
300
300
303
303
304
305
306
307
308
308
308
309
309
311
312
312
313
313
316
316
316
317
317
317
319
322
322
322
324
325
325
325
325
327
328
328
329
330
330
331
334
339
339
341
341
342
344
346
347
347
347
348
348
348
349
350
351
351
353
354
354
354
357
358
359
361
361
361
361
364
364
365
367
367
368
368
368
369
369
370
371
372
373
373
374
374
375
377
378
378
380
380
383
384
386
388
390
391
391
393
394
394
396
397
398
398
399
401
403
404
404
406
408
408
408
411
411
411
412
413
415
417
418
419
419
420
420
422
424
425
427
427
427
429
430
431
432
433
433
433
435
436
436
438
439
439
440
440
441
441
442
442
442
442
443
445
446
448
449
451
451
451
452
452
453
453
454
454
459
459
462
462
462
462
463
464
465
466
468
469
470
470
472
473
474
475
475
476
479
479
479
481
481
482
482
484
486
486
486
486
486
489
490
491
492
492
492
495
497
497
498
499
499
501
503
504
504
504
504
504
507
508
509
511
515
517
517
517
522
523
524
524
525
525
526
528
530
531
531
531
531
532
532
535
535
538
538
539
539
540
541
541
542
544
544
548
549
551
552
555
555
556
556
556
557
559
561
562
563
565
565
565
565
565
567
567
569
569
570
570
572
573
573
576
576
577
577
577
578
581
582
583
584
585
586
587
588
589
593
593
594
594
597
598
598
598
599
599
599
600
601
603
603
603
604
606
608
608
609
610
610
611
611
613
613
613
614
617
617
617
618
620
622
625
626
629
630
631
631
632
633
635
635
637
638
638
638
639
640
641
642
643
644
646
648
648
650
651
651
652
652
652
653
654
654
654
654
654
655
656
658
659
660
660
662
663
663
665
666
668
671
674
675
675
677
679
679
680
680
682
683
683
684
684
688
689
690
692
693
694
695
697
699
701
701
702
703
703
703
704
705
706
707
707
709
710
710
711
712
714
714
716
719
721
724
725
727
727
728
728
729
730
731
733
734
734
734
735
735
735
736
737
739
740
740
746
746
747
748
748
749
751
752
753
753
754
755
756
758
758
758
764
765
767
769
769
773
776
776
778
779
779
780
781
782
784
784
784
785
786
787
787
791
793
793
796
797
798
798
798
799
799
800
801
801
801
802
803
803
805
805
805
805
807
808
808
809
813
813
813
813
814
815
815
817
818
818
818
819
819
819
821
823
824
824
825
826
827
830
831
833
833
834
839
840
840
841
842
842
842
842
843
845
849
849
851
851
854
856
856
858
858
859
860
860
862
862
864
868
869
869
871
873
873
874
874
875
880
882
882
882
883
883
884
885
885
889
891
892
894
895
897
897
897
898
899
900
900
901
901
902
903
905
905
906
907
907
907
909
910
911
912
913
914
914
915
915
915
917
917
919
919
920
921
922
923
923
927
927
930
931
933
933
934
935
936
936
937
940
940
941
941
941
941
943
945
945
946
946
946
946
947
951
953
953
954
954
956
957
957
957
959
959
961
961
962
962
964
965
966
966
967
967
968
969
970
970
970
971
972
974
975
975
975
976
977
978
978
979
979
981
982
982
982
982
984
986
987
987
988
988
989
989
991
993
993
993
994
995
995
996
997
998
998
