Runtime: 18 ms
0
0
2
3
4
5
6
13
13
14
15
15
17
17
19
19
20
20
21
21
21
21
21
24
25
25
26
26
27
28
29
29
33
33
34
35
36
36
37
38
39
43
43
44
44
46
46
47
47
50
53
54
55
57
57
57
60
60
61
63
64
64
64
65
66
66
67
68
68
68
70
70
71
72
73
73
73
74
75
76
77
78
80
80
81
83
84
87
87
88
88
89
90
91
92
93
93
93
95
96
98
99
99
99
100
101
104
106
106
107
107
107
108
109
110
110
112
112
116
117
118
118
118
120
121
122
123
123
124
125
126
127
130
130
131
132
132
133
133
134
134
136
138
139
140
142
143
144
144
146
147
147
149
149
150
150
152
156
156
156
158
158
159
159
163
163
166
167
167
167
171
171
173
174
174
176
176
177
178
180
181
183
183
183
184
185
186
188
191
191
192
194
194
195
196
197
197
198
198
199
200
200
201
201
202
203
205
206
206
206
206
209
209
210
210
212
213
213
214
216
216
217
217
220
221
221
223
223
226
227
228
228
229
230
231
231
232
233
234
236
236
236
237
237
237
238
239
239
240
241
241
244
244
245
248
249
251
251
251
252
253
254
255
257
257
258
260
260
260
261
263
267
267
267
267
267
267
268
269
269
271
271
271
272
272
274
276
276
277
277
279
279
281
282
282
282
283
285
286
287
287
292
293
295
297
297
297
298
299
300
301
301
302
303
303
303
304
304
305
306
306
306
306
307
307
307
307
313
314
314
315
317
318
319
321
321
321
321
322
323
323
324
325
327
329
329
330
331
331
332
333
333
334
335
337
337
338
338
340
340
340
341
343
343
344
347
348
349
350
351
351
352
352
352
353
355
355
357
357
358
358
359
360
360
360
361
361
361
363
363
363
363
364
364
365
365
365
369
369
370
371
373
374
374
374
375
376
376
376
377
378
379
383
383
384
385
386
386
388
389
389
390
390
391
393
395
395
397
398
399
399
399
399
400
401
402
403
403
403
404
406
406
407
407
409
409
411
415
416
418
419
419
420
421
423
423
423
423
427
427
428
428
429
430
430
430
434
435
437
439
439
440
440
441
442
442
442
444
444
444
444
444
445
446
447
448
449
449
450
451
453
455
457
457
458
458
458
459
460
460
460
462
463
463
464
464
465
467
467
467
468
468
469
469
469
469
469
470
470
470
472
472
472
474
475
478
478
479
480
480
482
483
484
486
486
488
489
489
489
490
491
493
493
495
496
496
497
497
498
498
500
501
501
502
503
505
506
507
508
509
510
510
510
510
510
513
513
514
514
514
516
517
517
518
519
520
520
521
521
522
525
525
527
528
528
529
530
530
531
531
531
532
533
534
537
538
539
539
540
540
541
541
542
542
542
543
546
546
547
552
552
553
557
558
558
559
563
563
564
565
566
567
567
567
569
569
569
570
571
571
572
572
574
575
575
575
576
576
576
581
582
582
583
584
584
585
585
586
586
587
592
594
594
595
596
597
598
599
601
601
602
604
604
605
606
609
611
611
613
613
614
615
617
617
617
618
618
622
622
624
626
629
630
630
630
633
634
634
635
637
638
638
638
639
639
641
641
641
643
643
643
643
645
645
646
649
649
650
650
650
652
653
653
654
655
656
656
657
659
660
664
666
667
667
667
670
671
674
674
675
675
675
675
676
677
678
679
681
682
683
683
686
686
687
688
690
690
691
691
692
692
693
695
696
696
699
699
700
700
701
706
707
708
709
710
710
710
713
713
714
714
715
715
715
715
717
717
717
718
720
722
722
724
725
726
728
729
731
731
737
737
737
739
740
741
741
741
741
742
742
743
744
745
745
747
747
751
751
751
755
756
757
760
763
764
764
764
771
771
773
775
775
776
782
784
785
785
787
787
792
792
796
796
796
798
799
799
801
801
805
806
806
806
808
809
809
809
813
814
814
815
815
816
816
817
817
817
818
818
818
819
820
820
821
822
822
822
824
824
826
827
827
827
828
829
831
831
832
832
833
835
835
836
842
842
844
848
848
849
849
849
849
849
850
851
853
853
854
855
855
856
856
858
860
861
861
862
862
862
863
863
864
864
867
867
867
871
871
872
873
873
874
874
876
876
877
877
878
878
878
879
879
880
881
881
881
883
885
886
887
887
888
888
889
890
891
891
894
896
897
900
901
901
901
903
903
903
903
906
906
906
908
908
908
909
909
909
909
911
911
911
911
914
914
915
918
919
920
921
921
923
923
925
926
927
927
927
927
927
929
929
929
930
930
930
931
932
935
938
939
940
940
940
945
945
945
945
946
947
947
948
950
952
952
954
954
957
958
958
958
959
959
959
960
962
962
963
963
964
964
966
967
968
969
969
969
971
971
971
973
973
973
974
976
976
979
979
981
982
982
983
990
993
994
996
998
998
1000
1003
1004
1004
1006
1006
1006
1008
1008
1009
1009
1010
1011
1012
1012
1013
1014
1016
1016
1017
1017
1018
1020
1020
1022
1022
1022
1022
1023
1023
1023
1026
1026
1028
1029
1029
1031
1032
1033
1033
1033
1036
1037
1037
1040
1040
1041
1042
1043
1044
1045
1045
1045
1047
1047
1048
1048
1049
1050
1050
1051
1052
1053
1053
1056
1058
1059
1059
1059
1059
1059
1060
1060
1060
1061
1061
1062
1062
1064
1065
1066
1067
1069
1070
1070
1071
1071
1072
1073
1073
1074
1074
1075
1076
1076
1078
1079
1080
1080
1081
1083
1083
1083
1084
1085
1085
1086
1086
1086
1087
1088
1090
1091
1092
1093
1094
1094
1094
1095
1097
1097
1098
1101
1103
1103
1104
1107
1107
1107
1108
1109
1110
1111
1113
1115
1116
1117
1118
1118
1119
1120
1121
1121
1124
1124
1124
1125
1125
1125
1126
1127
1127
1128
1128
1130
1130
1132
1133
1134
1136
1137
1138
1139
1140
1141
1143
1145
1146
1147
1147
1147
1148
1150
1151
1151
1151
1153
1153
1154
1155
1159
1160
1162
1162
1164
1164
1164
1166
1168
1169
1170
1170
1171
1172
1174
1174
1175
1176
1176
1177
1177
1181
1182
1182
1183
1183
1184
1184
1185
1186
1186
1186
1187
1187
1190
1191
1191
1192
1193
1193
1194
1194
1196
1196
1196
1197
1197
1198
1198
1200
1201
1201
1202
1203
1206
1207
1208
1208
1209
1211
1211
1213
1214
1217
1217
1221
1222
1223
1225
1228
1229
1229
1230
1230
1232
1232
1233
1233
1234
1234
1234
1234
1235
1235
1236
1236
1236
1237
1238
1238
1239
1240
1240
1240
1240
1240
1241
1243
1244
1245
1245
1245
1247
1248
1249
1250
1251
1251
1252
1252
1256
1257
1257
1258
1258
1258
1259
1261
1261
1264
1265
1266
1269
1270
1271
1271
1271
1273
1274
1275
1276
1278
1279
1280
1280
1281
1281
1281
1282
1282
1282
1282
1283
1284
1284
1285
1286
1286
1286
1287
1287
1288
1289
1289
1291
1291
1292
1293
1294
1298
1300
1300
1300
1301
1302
1302
1304
1305
1306
1308
1309
1314
1314
1318
1319
1320
1321
1321
1322
1324
1324
1324
1324
1326
1326
1326
1327
1330
1330
1331
1331
1332
1332
1333
1333
1333
1334
1334
1335
1337
1337
1337
1339
1340
1343
1343
1343
1346
1346
1347
1347
1347
1352
1355
1357
1358
1359
1362
1362
1366
1368
1369
1369
1369
1372
1372
1372
1374
1374
1375
1376
1377
1377
1378
1380
1380
1382
1383
1385
1387
1387
1388
1388
1391
1391
1391
1393
1394
1394
1394
1395
1396
1397
1397
1398
1398
1399
1402
1402
1404
1404
1406
1408
1409
1411
1412
1412
1413
1413
1418
1422
1424
1424
1426
1428
1429
1429
1430
1431
1431
1434
1435
1435
1435
1439
1440
1442
1443
1443
1445
1449
1450
1450
1451
1452
1453
1453
1454
1456
1457
1459
1460
1461
1463
1464
1465
1468
1468
1472
1473
1474
1475
1475
1475
1479
1479
1479
1484
1486
1487
1487
1491
1491
1491
1493
1495
1496
1498
1500
1501
1501
1502
1503
1504
1504
1505
1506
1506
1507
1508
1508
1508
1509
1509
1510
1510
1510
1511
1512
1514
1516
1516
1517
1518
1518
1519
1520
1523
1523
1524
1525
1525
1526
1526
1526
1527
1527
1528
1529
1530
1531
1532
1533
1535
1535
1535
1536
1537
1538
1538
1539
1541
1542
1542
1542
1543
1544
1544
1544
1544
1545
1545
1546
1548
1549
1554
1556
1558
1559
1561
1563
1565
1567
1568
1570
1570
1571
1572
1573
1573
1574
1574
1575
1576
1577
1577
1577
1578
1578
1579
1579
1581
1581
1582
1582
1583
1583
1584
1587
1587
1587
1589
1591
1592
1592
1594
1594
1595
1595
1597
1597
1597
1598
1599
1599
1600
1601
1602
1606
1608
1608
1610
1610
1611
1612
1612
1612
1613
1614
1614
1617
1619
1619
1619
1621
1621
1622
1622
1623
1624
1624
1625
1625
1626
1627
1627
1628
1629
1629
1630
1632
1632
1635
1638
1639
1639
1639
1641
1641
1642
1644
1644
1645
1645
1646
1650
1651
1651
1652
1653
1653
1653
1654
1655
1655
1655
1655
1656
1656
1657
1659
1659
1659
1660
1661
1661
1661
1661
1662
1666
1667
1667
1667
1668
1669
1669
1669
1670
1670
1671
1671
1671
1671
1675
1677
1678
1680
1680
1680
1681
1681
1681
1689
1690
1692
1693
1693
1696
1699
1702
1703
1707
1709
1711
1712
1712
1713
1714
1715
1717
1717
1718
1719
1720
1720
1720
1722
1723
1724
1724
1725
1726
1726
1727
1728
1728
1728
1729
1729
1730
1730
1736
1736
1736
1737
1739
1740
1740
1740
1741
1744
1744
1745
1748
1750
1752
1754
1755
1756
1757
1757
1758
1760
1760
1762
1763
1763
1764
1764
1765
1765
1767
1767
1767
1768
1768
1770
1771
1771
1771
1775
1778
1778
1779
1779
1779
1780
1781
1782
1783
1783
1784
1784
1785
1785
1785
1786
1786
1786
1787
1789
1789
1791
1792
1792
1794
1800
1801
1801
1802
1802
1803
1804
1806
1806
1806
1806
1806
1807
1808
1809
1809
1812
1815
1817
1817
1819
1820
1820
1820
1820
1821
1822
1823
1825
1828
1828
1828
1829
1829
1832
1833
1834
1836
1837
1837
1838
1840
1841
1842
1846
1846
1846
1847
1848
1851
1852
1854
1857
1858
1858
1859
1859
1861
1864
1865
1865
1866
1866
1866
1867
1870
1873
1875
1875
1876
1877
1878
1880
1881
1882
1882
1883
1883
1884
1885
1885
1886
1886
1887
1889
1890
1891
1892
1893
1896
1897
1897
1898
1900
1900
1902
1902
1904
1905
1907
1907
1907
1908
1910
1910
1916
1917
1918
1920
1920
1921
1921
1921
1923
1924
1926
1927
1927
1928
1929
1931
1932
1933
1933
1934
1934
1936
1937
1937
1937
1938
1940
1940
1944
1946
1948
1948
1948
1948
1950
1950
1951
1952
1952
1953
1954
1955
1956
1956
1957
1958
1959
1960
1960
1961
1961
1962
1963
1963
1966
1967
1968
1968
1968
1968
1968
1970
1971
1974
1974
1976
1978
1979
1980
1981
1985
1985
1987
1987
1988
1990
1990
1990
1994
1994
1994
1996
1997
1997
1997
1999
2000
2001
2001
2002
2002
2006
2006
2007
2010
2011
2014
2014
2014
2014
2015
2016
2016
2016
2021
2022
2023
2024
2024
2025
2028
2031
2035
2035
2036
2038
2038
2039
2040
2040
2041
2043
2043
2045
2046
2046
2046
2046
2046
2047
2047
2049
2051
2052
2052
2053
2054
2054
2055
2056
2057
2058
2059
2060
2061
2062
2063
2063
2065
2065
2069
2071
2071
2072
2074
2075
2076
2076
2076
2077
2078
2078
2079
2080
2081
2081
2082
2084
2086
2088
2090
2092
2094
2095
2095
2095
2097
2098
2098
2099
2099
2100
2100
2101
2102
2102
2103
2104
2104
2106
2108
2108
2110
2110
2110
2110
2111
2115
2116
2116
2117
2117
2117
2119
2119
2120
2120
2123
2125
2126
2126
2127
2128
2128
2130
2131
2131
2132
2134
2137
2137
2138
2138
2140
2141
2141
2141
2144
2144
2147
2147
2147
2148
2148
2151
2152
2153
2157
2158
2158
2158
2161
2161
2162
2163
2165
2168
2171
2171
2173
2173
2173
2174
2174
2175
2176
2176
2177
2177
2178
2179
2179
2180
2184
2185
2186
2187
2187
2188
2188
2189
2191
2191
2193
2195
2197
2200
2200
2204
2204
2205
2205
2206
2208
2210
2210
2211
2211
2212
2213
2214
2214
2215
2215
2215
2219
2219
2221
2221
2223
2226
2226
2227
2227
2228
2230
2231
2231
2231
2232
2232
2233
2234
2234
2234
2235
2238
2240
2240
2242
2244
2245
2246
2250
2250
2251
2251
2252
2253
2253
2256
2257
2257
2259
2260
2260
2262
2262
2263
2263
2263
2263
2264
2265
2270
2271
2273
2274
2274
2275
2276
2277
2277
2277
2278
2278
2280
2282
2282
2282
2282
2282
2283
2283
2283
2284
2284
2284
2287
2288
2288
2291
2293
2294
2296
2296
2297
2298
2299
2299
2300
2301
2302
2302
2303
2304
2305
2305
2306
2307
2307
2308
2309
2310
2312
2313
2313
2316
2317
2317
2319
2320
2321
2321
2321
2322
2323
2324
2324
2324
2327
2327
2328
2328
2328
2328
2330
2331
2331
2334
2335
2335
2335
2336
2337
2339
2340
2341
2343
2343
2344
2345
2346
2347
2350
2351
2353
2353
2353
2354
2355
2355
2355
2356
2356
2356
2357
2357
2358
2360
2360
2361
2364
2365
2366
2366
2367
2368
2368
2368
2369
2370
2370
2375
2375
2377
2379
2379
2379
2382
2383
2384
2385
2385
2385
2385
2386
2387
2387
2388
2388
2392
2392
2393
2394
2394
2395
2395
2396
2397
2402
2403
2406
2409
2409
2409
2413
2415
2416
2418
2418
2420
2420
2421
2423
2423
2424
2425
2427
2429
2430
2431
2433
2434
2434
2434
2435
2436
2438
2439
2439
2440
2440
2440
2442
2442
2443
2443
2444
2444
2444
2445
2445
2445
2446
2447
2448
2448
2448
2448
2449
2450
2450
2451
2451
2452
2452
2454
2454
2458
2459
2460
2461
2462
2463
2463
2463
2465
2465
2465
2466
2467
2467
2467
2469
2470
2470
2471
2473
2473
2473
2473
2473
2473
2474
2475
2478
2479
2479
2479
2481
2481
2481
2482
2483
2483
2484
2486
2486
2486
2487
2487
2489
2489
2489
2491
2491
2492
2492
2492
2492
2492
2494
2495
2497
2500
2500
2503
2503
2506
2509
2510
2512
2512
2513
2513
2514
2515
2516
2516
2517
2518
2519
2521
2521
2522
2524
2525
2526
2527
2528
2528
2528
2530
2530
2530
2531
2531
2532
2533
2535
2536
2537
2537
2540
2540
2541
2541
2541
2541
2541
2542
2543
2544
2546
2546
2548
2549
2550
2550
2551
2551
2552
2553
2555
2555
2555
2557
2558
2558
2559
2559
2560
2561
2561
2561
2562
2563
2563
2564
2565
2567
2568
2569
2570
2570
2570
2571
2574
2575
2577
2577
2580
2582
2582
2584
2584
2586
2587
2589
2589
2590
2595
2599
2600
2600
2601
2601
2602
2602
2603
2606
2607
2609
2609
2609
2609
2609
2610
2610
2612
2613
2614
2615
2615
2616
2617
2618
2618
2620
2620
2623
2623
2624
2627
2628
2629
2629
2629
2631
2631
2632
2636
2637
2637
2638
2639
2639
2639
2639
2640
2640
2642
2648
2649
2651
2651
2653
2654
2656
2656
2658
2658
2659
2660
2662
2664
2667
2668
2668
2670
2671
2672
2672
2673
2675
2676
2677
2679
2679
2679
2680
2680
2683
2686
2686
2687
2687
2688
2689
2690
2692
2692
2692
2694
2694
2696
2697
2697
2698
2705
2706
2707
2707
2709
2709
2710
2710
2712
2712
2713
2716
2716
2717
2717
2718
2718
2719
2719
2720
2722
2722
2723
2725
2725
2725
2726
2727
2727
2727
2728
2729
2731
2731
2731
2732
2732
2733
2733
2735
2736
2736
2736
2737
2738
2739
2739
2740
2740
2740
2740
2741
2742
2742
2742
2744
2746
2746
2747
2748
2749
2749
2750
2750
2750
2752
2752
2752
2754
2755
2755
2756
2756
2757
2757
2758
2761
2762
2762
2765
2765
2765
2766
2767
2769
2769
2770
2770
2771
2772
2772
2773
2773
2774
2774
2774
2777
2777
2778
2780
2780
2781
2783
2783
2784
2785
2786
2786
2786
2789
2790
2790
2790
2792
2793
2794
2794
2795
2795
2795
2796
2796
2796
2797
2798
2798
2798
2799
2800
2800
2801
2801
2802
2803
2803
2805
2807
2808
2810
2812
2814
2815
2815
2817
2817
2818
2819
2820
2821
2824
2825
2825
2825
2826
2826
2827
2830
2830
2831
2832
2832
2832
2833
2834
2834
2836
2837
2837
2837
2837
2838
2839
2839
2839
2840
2841
2841
2841
2841
2841
2842
2843
2848
2848
2848
2849
2849
2849
2849
2849
2850
2850
2851
2852
2852
2852
2853
2854
2856
2858
2859
2861
2862
2864
2864
2864
2864
2865
2865
2865
2865
2865
2865
2868
2869
2869
2869
2869
2870
2870
2872
2873
2874
2877
2878
2879
2880
2882
2883
2883
2884
2886
2887
2887
2887
2888
2888
2889
2889
2890
2890
2890
2891
2892
2893
2893
2894
2895
2895
2895
2896
2898
2901
2901
2901
2904
2908
2909
2910
2912
2914
2915
2916
2918
2919
2920
2920
2921
2921
2921
2921
2926
2927
2929
2931
2934
2934
2936
2936
2937
2939
2939
2939
2939
2940
2940
2940
2940
2942
2945
2946
2948
2948
2951
2952
2954
2954
2955
2958
2959
2960
2961
2962
2963
2964
2965
2965
2966
2967
2968
2970
2971
2972
2974
2974
2977
2978
2980
2982
2984
2985
2986
2986
2987
2987
2988
2989
2991
2991
2992
2992
2992
2994
2994
2995
2995
2997
2999
2999
3000
3002
3005
3005
3005
3007
3009
3009
3009
3011
3011
3013
3013
3014
3014
3015
3015
3016
3016
3017
3020
3021
3022
3023
3024
3025
3027
3028
3028
3029
3029
3029
3030
3031
3032
3036
3036
3038
3039
3039
3039
3039
3040
3040
3041
3042
3042
3044
3044
3047
3047
3047
3048
3048
3050
3050
3050
3051
3052
3053
3053
3055
3061
3062
3062
3063
3065
3065
3065
3066
3071
3072
3072
3073
3075
3076
3076
3077
3078
3078
3079
3080
3083
3083
3083
3084
3084
3084
3085
3086
3087
3088
3088
3088
3089
3089
3091
3093
3093
3093
3094
3096
3097
3097
3098
3101
3102
3106
3107
3107
3108
3108
3111
3112
3112
3113
3114
3116
3116
3116
3117
3117
3118
3120
3123
3124
3125
3126
3127
3127
3128
3128
3130
3130
3132
3133
3136
3136
3136
3138
3138
3138
3142
3142
3143
3144
3145
3149
3150
3151
3154
3154
3155
3156
3156
3158
3162
3162
3163
3165
3166
3167
3168
3168
3170
3171
3172
3172
3173
3173
3175
3176
3178
3178
3178
3179
3180
3181
3182
3182
3187
3188
3190
3190
3190
3191
3192
3193
3193
3195
3196
3197
3198
3200
3200
3201
3201
3204
3204
3204
3205
3206
3211
3211
3214
3216
3216
3217
3220
3224
3224
3228
3228
3228
3230
3231
3232
3235
3238
3239
3242
3243
3243
3244
3245
3248
3248
3248
3249
3250
3250
3251
3253
3254
3258
3260
3260
3261
3264
3265
3269
3270
3272
3272
3272
3274
3276
3277
3280
3281
3283
3283
3284
3284
3284
3285
3285
3285
3286
3286
3288
3288
3288
3289
3291
3291
3292
3292
3292
3292
3293
3293
3293
3294
3294
3296
3297
3297
3301
3304
3305
3305
3305
3306
3307
3308
3310
3310
3311
3312
3314
3314
3315
3315
3316
3319
3320
3320
3320
3321
3322
3324
3324
3325
3327
3328
3328
3328
3334
3334
3337
3337
3340
3340
3342
3342
3343
3344
3344
3347
3347
3350
3350
3351
3351
3353
3353
3353
3353
3353
3353
3354
3354
3355
3355
3356
3358
3361
3362
3363
3365
3369
3370
3370
3370
3371
3373
3375
3375
3380
3381
3382
3382
3382
3382
3384
3385
3385
3386
3386
3388
3389
3394
3394
3395
3395
3395
3395
3396
3396
3397
3400
3401
3402
3404
3406
3406
3407
3408
3409
3411
3411
3414
3415
3416
3418
3419
3419
3422
3422
3425
3426
3428
3428
3433
3433
3437
3439
3441
3442
3442
3443
3444
3444
3447
3448
3448
3448
3449
3450
3453
3454
3454
3457
3457
3458
3459
3460
3460
3461
3461
3462
3462
3462
3463
3464
3465
3466
3467
3469
3469
3470
3472
3472
3475
3476
3477
3477
3480
3480
3481
3481
3482
3483
3486
3488
3489
3494
3494
3498
3498
3501
3501
3503
3505
3507
3508
3509
3510
3510
3511
3511
3515
3515
3516
3517
3518
3518
3519
3521
3524
3527
3528
3530
3530
3532
3533
3534
3535
3535
3536
3537
3538
3538
3541
3542
3543
3544
3546
3547
3550
3550
3551
3553
3554
3555
3555
3557
3559
3559
3559
3560
3561
3561
3562
3562
3568
3568
3569
3570
3571
3573
3573
3574
3574
3575
3575
3576
3577
3578
3579
3579
3579
3580
3581
3581
3582
3583
3583
3585
3593
3593
3594
3594
3595
3595
3596
3597
3598
3598
3600
3600
3601
3603
3604
3606
3607
3607
3607
3609
3610
3611
3612
3613
3616
3616
3617
3617
3617
3617
3617
3618
3619
3619
3620
3621
3622
3622
3622
3623
3627
3628
3630
3631
3632
3634
3634
3636
3636
3638
3640
3642
3643
3643
3644
3644
3644
3646
3647
3648
3649
3652
3653
3654
3656
3657
3658
3659
3660
3660
3661
3662
3664
3665
3666
3667
3667
3669
3669
3670
3670
3671
3672
3672
3673
3675
3676
3676
3678
3679
3681
3681
3682
3686
3690
3690
3690
3692
3694
3694
3694
3695
3696
3696
3698
3698
3699
3699
3699
3699
3699
3700
3702
3702
3704
3705
3706
3706
3707
3709
3710
3710
3710
3712
3713
3713
3714
3714
3715
3716
3717
3720
3720
3721
3723
3723
3724
3724
3724
3724
3726
3726
3726
3727
3727
3728
3729
3729
3730
3732
3736
3736
3737
3739
3741
3744
3745
3745
3745
3745
3747
3748
3748
3749
3750
3750
3753
3754
3755
3759
3759
3760
3762
3763
3763
3763
3763
3764
3764
3766
3766
3766
3767
3767
3768
3769
3771
3772
3776
3776
3776
3776
3776
3776
3778
3779
3780
3780
3780
3780
3781
3782
3783
3784
3788
3788
3788
3788
3791
3792
3794
3794
3795
3797
3798
3798
3799
3799
3799
3799
3802
3802
3802
3803
3803
3803
3805
3807
3810
3811
3811
3814
3815
3816
3817
3818
3818
3820
3824
3825
3825
3825
3827
3828
3828
3829
3833
3833
3834
3835
3835
3836
3838
3839
3840
3842
3843
3844
3845
3848
3849
3851
3851
3853
3853
3854
3855
3856
3856
3859
3860
3860
3861
3861
3861
3862
3863
3864
3864
3864
3864
3865
3865
3866
3867
3869
3869
3870
3871
3872
3875
3876
3877
3878
3878
3879
3879
3879
3880
3880
3881
3882
3884
3885
3888
3889
3889
3889
3892
3894
3895
3897
3897
3899
3899
3899
3900
3900
3901
3905
3906
3906
3908
3909
3910
3910
3913
3913
3914
3915
3915
3915
3918
3918
3918
3920
3921
3921
3922
3923
3924
3926
3928
3929
3930
3931
3932
3932
3933
3935
3935
3936
3938
3939
3939
3939
3941
3943
3944
3944
3944
3946
3947
3951
3951
3953
3954
3957
3957
3960
3961
3963
3963
3965
3965
3968
3970
3971
3971
3971
3974
3974
3974
3974
3975
3975
3975
3975
3976
3976
3978
3978
3978
3980
3982
3982
3983
3984
3985
3987
3987
3989
3989
3989
3991
3991
3993
3993
3995
3995
3996
3997
3998
4000
4001
4001
4002
4003
4003
4004
4006
4006
4006
4008
4011
4011
4014
4015
4016
4017
4019
4019
4020
4020
4020
4020
4022
4024
4024
4027
4028
4030
4030
4030
4031
4031
4032
4033
4033
4037
4038
4039
4040
4041
4042
4044
4050
4052
4053
4053
4053
4054
4054
4056
4056
4057
4057
4057
4058
4059
4060
4061
4062
4062
4064
4065
4065
4065
4065
4066
4067
4067
4069
4069
4072
4073
4075
4078
4079
4079
4079
4080
4081
4081
4081
4082
4084
4085
4088
4088
4088
4091
4092
4092
4094
4094
4096
4096
4097
4097
4098
4100
4101
4102
4105
4105
4106
4110
4113
4116
4117
4117
4119
4120
4120
4121
4124
4125
4125
4125
4125
4125
4125
4126
4130
4131
4132
4132
4132
4135
4136
4136
4137
4138
4138
4142
4142
4142
4142
4142
4145
4146
4147
4148
4149
4150
4154
4154
4156
4156
4158
4159
4162
4162
4166
4168
4172
4173
4176
4178
4179
4180
4181
4181
4184
4184
4184
4184
4185
4185
4188
4190
4190
4192
4193
4195
4197
4197
4197
4197
4199
4200
4205
4205
4208
4209
4209
4210
4211
4211
4211
4213
4214
4218
4219
4219
4225
4228
4230
4231
4231
4233
4236
4237
4238
4238
4239
4240
4240
4240
4241
4242
4245
4246
4247
4249
4249
4250
4251
4252
4252
4254
4254
4254
4255
4256
4257
4257
4257
4259
4259
4259
4259
4260
4262
4263
4264
4266
4267
4268
4269
4270
4270
4270
4271
4271
4271
4272
4272
4272
4272
4272
4272
4273
4273
4275
4277
4281
4281
4285
4288
4288
4289
4291
4291
4293
4294
4294
4294
4294
4298
4299
4299
4299
4299
4301
4302
4303
4304
4304
4305
4306
4307
4308
4309
4309
4310
4311
4312
4315
4317
4319
4319
4320
4325
4328
4328
4330
4330
4331
4333
4334
4334
4336
4336
4338
4338
4338
4339
4339
4341
4344
4345
4345
4345
4345
4347
4348
4348
4348
4349
4349
4349
4349
4350
4351
4352
4353
4353
4353
4354
4355
4356
4357
4358
4358
4361
4361
4362
4362
4362
4363
4365
4365
4367
4367
4369
4369
4370
4370
4372
4372
4372
4374
4376
4377
4377
4379
4383
4383
4386
4387
4388
4389
4391
4392
4394
4395
4395
4396
4396
4398
4400
4401
4401
4404
4406
4406
4406
4407
4407
4407
4409
4413
4414
4414
4414
4416
4416
4417
4419
4419
4420
4420
4421
4422
4424
4424
4426
4427
4430
4431
4431
4431
4432
4433
4437
4437
4438
4439
4439
4440
4443
4444
4446
4447
4447
4448
4450
4450
4450
4451
4451
4451
4451
4452
4452
4453
4454
4454
4454
4455
4456
4456
4457
4458
4463
4465
4466
4467
4468
4469
4469
4470
4471
4472
4472
4472
4472
4473
4473
4474
4474
4474
4476
4477
4477
4478
4478
4479
4479
4480
4482
4483
4484
4484
4485
4486
4488
4490
4491
4492
4493
4494
4495
4495
4495
4496
4496
4499
4499
4499
4499
4499
4501
4502
4503
4504
4505
4506
4506
4506
4506
4507
4512
4513
4513
4514
4514
4515
4516
4517
4517
4518
4519
4520
4521
4522
4524
4526
4527
4530
4530
4531
4532
4533
4533
4534
4535
4535
4536
4537
4538
4539
4540
4540
4540
4540
4540
4543
4543
4543
4543
4544
4544
4545
4546
4547
4551
4551
4553
4553
4554
4557
4558
4558
4558
4559
4559
4561
4562
4563
4564
4565
4566
4566
4568
4570
4570
4570
4571
4571
4573
4575
4575
4577
4578
4578
4579
4579
4579
4583
4584
4584
4584
4585
4585
4586
4586
4586
4588
4589
4591
4592
4593
4593
4593
4593
4594
4595
4597
4597
4598
4599
4600
4604
4604
4610
4610
4610
4617
4617
4621
4623
4623
4624
4625
4626
4626
4627
4631
4631
4632
4632
4633
4634
4634
4637
4637
4639
4640
4640
4641
4641
4641
4643
4643
4645
4646
4646
4647
4652
4655
4657
4658
4658
4659
4660
4660
4664
4664
4665
4665
4666
4667
4667
4672
4673
4673
4674
4675
4675
4675
4678
4679
4681
4682
4682
4682
4684
4685
4685
4686
4686
4687
4688
4688
4689
4690
4690
4692
4693
4695
4697
4697
4699
4701
4702
4702
4703
4703
4706
4710
4711
4714
4715
4715
4716
4717
4717
4717
4718
4720
4720
4721
4723
4726
4730
4730
4731
4732
4734
4736
4737
4738
4739
4740
4740
4744
4746
4749
4750
4750
4751
4751
4752
4752
4752
4753
4754
4755
4755
4755
4756
4756
4756
4756
4758
4759
4759
4759
4759
4760
4760
4763
4765
4765
4765
4765
4767
4767
4771
4771
4772
4772
4773
4773
4773
4773
4773
4774
4774
4775
4775
4776
4776
4777
4777
4777
4778
4779
4779
4782
4782
4783
4785
4787
4788
4789
4790
4790
4791
4791
4791
4793
4794
4794
4794
4796
4796
4799
4801
4802
4803
4804
4804
4805
4805
4805
4806
4807
4808
4808
4808
4808
4810
4810
4810
4811
4811
4812
4813
4813
4814
4814
4814
4815
4815
4816
4816
4816
4816
4822
4825
4826
4827
4829
4829
4830
4831
4832
4834
4834
4835
4835
4840
4841
4842
4842
4843
4843
4844
4845
4849
4851
4851
4851
4852
4853
4853
4854
4857
4859
4860
4862
4862
4863
4863
4864
4865
4867
4869
4870
4872
4876
4877
4878
4879
4879
4881
4881
4882
4882
4883
4883
4884
4886
4889
4889
4891
4892
4893
4894
4895
4895
4897
4899
4900
4900
4901
4901
4902
4902
4903
4904
4904
4906
4906
4907
4908
4909
4911
4912
4912
4912
4914
4914
4917
4917
4920
4920
4920
4920
4921
4923
4924
4924
4925
4925
4926
4930
4930
4930
4931
4932
4933
4935
4936
4937
4941
4942
4943
4944
4946
4947
4948
4949
4949
4949
4949
4952
4952
4953
4953
4954
4955
4957
4957
4959
4960
4960
4966
4968
4968
4970
4971
4971
4971
4973
4973
4973
4974
4979
4979
4979
4980
4980
4980
4981
4981
4983
4983
4983
4986
4987
4992
4993
4993
4997
4997
4998
5000
5001
5002
5002
5003
5003
5003
5004
5004
5005
5006
5006
5007
5010
5010
5011
5012
5012
5014
5014
5016
5016
5016
5017
5019
5021
5021
5022
5024
5029
5030
5030
5035
5036
5036
5037
5038
5038
5039
5041
5042
5043
5043
5044
5044
5044
5045
5045
5045
5046
5047
5047
5048
5051
5052
5053
5053
5056
5058
5059
5059
5059
5061
5062
5062
5063
5065
5066
5066
5066
5071
5077
5079
5079
5082
5082
5084
5088
5089
5089
5090
5092
5093
5095
5095
5096
5097
5098
5098
5099
5099
5101
5103
5103
5104
5104
5104
5106
5106
5106
5110
5111
5112
5114
5114
5116
5116
5117
5117
5118
5119
5120
5121
5121
5123
5123
5124
5124
5126
5126
5126
5128
5129
5129
5129
5130
5132
5135
5135
5138
5139
5139
5139
5140
5141
5142
5143
5143
5144
5147
5148
5148
5148
5149
5151
5152
5154
5155
5156
5157
5157
5158
5159
5163
5164
5166
5166
5166
5168
5171
5171
5174
5175
5175
5176
5176
5176
5177
5179
5180
5180
5181
5181
5183
5184
5184
5187
5187
5188
5188
5189
5190
5191
5191
5194
5195
5196
5197
5197
5199
5199
5200
5201
5201
5202
5202
5203
5203
5206
5208
5210
5212
5214
5214
5215
5215
5217
5217
5217
5220
5221
5222
5222
5222
5222
5223
5224
5224
5225
5225
5225
5226
5228
5233
5233
5233
5234
5234
5236
5238
5239
5242
5244
5244
5245
5245
5246
5246
5247
5247
5248
5249
5249
5249
5249
5251
5253
5254
5255
5256
5257
5258
5260
5261
5261
5262
5264
5264
5264
5265
5268
5269
5269
5269
5270
5270
5271
5271
5271
5271
5275
5276
5276
5277
5277
5277
5280
5281
5281
5282
5286
5286
5288
5288
5295
5295
5296
5297
5297
5297
5298
5298
5299
5301
5301
5302
5304
5305
5306
5306
5309
5310
5314
5315
5316
5316
5316
5317
5317
5320
5320
5322
5322
5324
5324
5325
5327
5327
5329
5329
5330
5331
5332
5334
5335
5336
5336
5336
5337
5338
5338
5338
5339
5339
5341
5341
5342
5343
5344
5344
5346
5346
5346
5347
5349
5349
5349
5350
5351
5351
5354
5355
5355
5360
5361
5361
5362
5363
5363
5365
5368
5369
5369
5373
5374
5374
5376
5379
5379
5379
5379
5380
5381
5383
5387
5388
5389
5389
5391
5391
5391
5391
5392
5392
5397
5399
5400
5400
5400
5403
5404
5404
5405
5405
5405
5406
5406
5407
5407
5408
5409
5410
5410
5412
5412
5415
5416
5416
5417
5418
5418
5419
5419
5421
5423
5424
5425
5428
5429
5431
5432
5433
5434
5434
5434
5435
5436
5439
5440
5441
5442
5445
5445
5445
5446
5447
5448
5448
5449
5449
5450
5450
5451
5452
5456
5459
5459
5461
5462
5462
5463
5464
5466
5466
5471
5472
5472
5472
5472
5473
5474
5477
5478
5478
5483
5483
5483
5485
5486
5487
5487
5488
5488
5488
5489
5489
5489
5489
5490
5491
5492
5493
5493
5494
5494
5495
5496
5496
5497
5497
5498
5498
5500
5501
5501
5502
5503
5504
5504
5505
5506
5506
5507
5508
5509
5510
5511
5512
5513
5513
5513
5514
5514
5514
5514
5515
5516
5517
5518
5518
5519
5522
5523
5524
5525
5526
5527
5527
5528
5528
5529
5529
5530
5531
5534
5535
5536
5537
5538
5539
5542
5543
5544
5544
5545
5545
5546
5547
5547
5548
5548
5549
5549
5550
5550
5550
5553
5553
5554
5554
5554
5555
5556
5556
5558
5558
5558
5559
5559
5563
5564
5567
5569
5569
5574
5578
5579
5580
5580
5580
5581
5581
5581
5581
5581
5583
5584
5584
5585
5585
5586
5586
5587
5587
5589
5591
5591
5592
5592
5593
5594
5594
5596
5597
5597
5597
5598
5600
5600
5600
5601
5602
5603
5604
5605
5605
5605
5608
5609
5610
5610
5610
5611
5615
5617
5618
5622
5623
5625
5625
5625
5625
5627
5628
5629
5629
5629
5631
5632
5632
5632
5633
5633
5633
5633
5634
5637
5637
5638
5638
5640
5640
5642
5644
5647
5647
5647
5649
5650
5651
5655
5655
5657
5658
5659
5661
5661
5661
5662
5663
5664
5664
5664
5665
5666
5667
5667
5667
5669
5669
5670
5673
5673
5674
5675
5676
5676
5677
5677
5678
5679
5679
5680
5682
5683
5684
5688
5689
5692
5695
5696
5696
5697
5698
5698
5699
5701
5703
5703
5703
5704
5707
5708
5709
5709
5711
5712
5714
5714
5715
5715
5717
5718
5718
5719
5719
5720
5720
5720
5720
5720
5721
5724
5726
5728
5729
5730
5730
5730
5731
5734
5734
5734
5738
5739
5740
5740
5740
5742
5744
5745
5745
5745
5745
5747
5748
5750
5750
5751
5752
5752
5756
5757
5758
5758
5759
5760
5760
5761
5761
5761
5762
5762
5765
5766
5767
5768
5770
5772
5773
5775
5775
5778
5778
5778
5779
5779
5781
5782
5784
5784
5785
5786
5786
5787
5787
5789
5790
5790
5791
5792
5793
5795
5796
5796
5797
5799
5799
5800
5802
5804
5805
5806
5807
5807
5807
5808
5810
5812
5812
5813
5815
5817
5817
5818
5818
5819
5819
5821
5822
5822
5823
5825
5826
5828
5829
5831
5832
5833
5835
5840
5842
5842
5843
5843
5844
5844
5848
5848
5849
5850
5850
5853
5853
5855
5855
5855
5855
5856
5858
5859
5860
5861
5862
5863
5863
5864
5866
5867
5868
5868
5868
5869
5870
5871
5872
5872
5877
5880
5880
5881
5881
5882
5884
5885
5886
5887
5887
5888
5888
5890
5892
5892
5895
5897
5897
5899
5899
5901
5902
5902
5902
5904
5904
5905
5905
5906
5906
5907
5909
5910
5911
5912
5916
5916
5917
5919
5920
5921
5921
5921
5924
5925
5925
5926
5927
5929
5931
5932
5932
5934
5935
5935
5935
5937
5938
5939
5942
5943
5944
5944
5945
5946
5948
5949
5950
5950
5950
5952
5953
5953
5954
5955
5955
5955
5956
5956
5959
5962
5962
5964
5965
5968
5968
5970
5970
5970
5976
5976
5977
5978
5978
5979
5981
5981
5982
5985
5986
5987
5987
5987
5988
5989
5992
5992
5993
5994
5994
5994
5995
5996
5996
6000
6000
6000
6001
6001
6003
6003
6004
6004
6005
6006
6007
6007
6008
6008
6009
6010
6010
6012
6013
6013
6015
6015
6017
6018
6019
6019
6019
6020
6022
6022
6023
6024
6026
6027
6027
6028
6028
6029
6030
6031
6031
6032
6035
6035
6035
6035
6040
6041
6041
6042
6043
6043
6043
6045
6045
6047
6047
6047
6047
6048
6048
6049
6049
6050
6051
6055
6055
6057
6058
6059
6059
6060
6062
6063
6063
6064
6064
6067
6067
6070
6070
6070
6073
6075
6076
6077
6078
6078
6079
6079
6079
6080
6081
6082
6084
6084
6087
6088
6091
6091
6091
6092
6092
6093
6094
6094
6099
6099
6100
6103
6103
6104
6104
6104
6106
6107
6107
6107
6108
6114
6115
6116
6116
6116
6116
6118
6119
6120
6124
6124
6125
6125
6126
6128
6130
6130
6130
6131
6132
6132
6133
6134
6135
6135
6136
6137
6139
6141
6147
6147
6148
6148
6149
6150
6152
6154
6154
6154
6155
6155
6156
6157
6157
6159
6159
6159
6159
6164
6164
6164
6166
6167
6167
6169
6169
6169
6169
6169
6170
6174
6176
6178
6179
6184
6185
6186
6187
6189
6190
6193
6195
6196
6196
6198
6199
6200
6200
6200
6202
6203
6205
6205
6206
6207
6207
6209
6210
6210
6211
6211
6212
6213
6214
6216
6216
6217
6218
6221
6222
6223
6225
6226
6227
6228
6230
6232
6234
6236
6237
6237
6237
6237
6237
6239
6241
6241
6242
6244
6245
6246
6246
6247
6249
6249
6250
6250
6250
6251
6251
6252
6252
6252
6254
6254
6254
6255
6255
6257
6258
6258
6259
6259
6261
6262
6262
6262
6262
6263
6263
6264
6264
6264
6265
6267
6268
6269
6270
6272
6274
6275
6280
6280
6282
6282
6283
6283
6284
6285
6286
6286
6287
6287
6288
6289
6289
6290
6293
6293
6293
6294
6294
6296
6299
6300
6300
6301
6303
6304
6305
6305
6305
6306
6306
6307
6308
6308
6308
6312
6312
6312
6312
6313
6313
6314
6315
6316
6317
6319
6323
6324
6325
6325
6329
6330
6331
6332
6333
6334
6335
6335
6338
6338
6338
6338
6340
6340
6340
6340
6340
6342
6344
6346
6349
6349
6350
6350
6351
6352
6353
6354
6354
6354
6355
6357
6357
6358
6358
6359
6359
6359
6360
6361
6362
6362
6363
6363
6363
6363
6366
6367
6368
6370
6371
6372
6375
6376
6377
6377
6381
6385
6387
6388
6389
6389
6390
6391
6391
6393
6393
6395
6395
6395
6396
6396
6396
6396
6397
6399
6399
6399
6400
6400
6401
6402
6403
6404
6404
6404
6405
6406
6406
6407
6409
6410
6412
6413
6414
6414
6415
6415
6415
6416
6418
6418
6419
6419
6420
6420
6420
6420
6421
6422
6424
6424
6426
6426
6426
6426
6427
6429
6430
6430
6430
6433
6434
6434
6438
6438
6440
6440
6442
6443
6444
6444
6447
6448
6449
6451
6453
6454
6454
6454
6454
6455
6455
6458
6459
6459
6459
6460
6461
6461
6462
6464
6466
6466
6467
6467
6468
6468
6470
6471
6471
6472
6473
6476
6477
6478
6478
6479
6480
6480
6481
6481
6484
6485
6486
6487
6487
6489
6490
6492
6492
6494
6495
6496
6496
6497
6498
6499
6500
6501
6502
6502
6502
6505
6505
6508
6508
6508
6508
6511
6512
6513
6513
6514
6514
6515
6516
6516
6519
6519
6519
6519
6522
6522
6524
6524
6526
6527
6527
6528
6530
6530
6531
6531
6531
6532
6534
6534
6536
6537
6538
6538
6539
6543
6544
6546
6547
6547
6548
6548
6551
6552
6553
6553
6554
6554
6555
6555
6556
6556
6557
6557
6558
6558
6560
6561
6562
6563
6563
6565
6566
6568
6571
6572
6572
6572
6573
6573
6573
6574
6575
6575
6577
6579
6579
6579
6580
6581
6582
6584
6584
6584
6585
6588
6588
6588
6589
6590
6592
6593
6593
6594
6595
6595
6596
6597
6598
6598
6600
6600
6602
6602
6602
6603
6603
6603
6605
6605
6605
6607
6609
6609
6610
6611
6612
6613
6613
6613
6614
6614
6616
6616
6617
6617
6618
6619
6619
6622
6622
6622
6623
6624
6625
6628
6629
6630
6630
6631
6631
6633
6633
6636
6636
6636
6636
6639
6639
6642
6644
6645
6646
6647
6647
6649
6649
6650
6651
6651
6651
6652
6653
6656
6657
6658
6660
6661
6661
6662
6666
6667
6668
6668
6669
6670
6670
6670
6671
6671
6672
6672
6672
6674
6676
6676
6676
6678
6679
6681
6684
6684
6686
6687
6689
6690
6691
6696
6696
6697
6698
6698
6700
6700
6700
6701
6703
6703
6703
6703
6703
6704
6705
6706
6707
6709
6710
6710
6712
6712
6714
6715
6719
6719
6720
6720
6721
6722
6722
6726
6727
6727
6729
6732
6734
6737
6737
6740
6741
6741
6742
6743
6746
6747
6747
6748
6748
6748
6750
6751
6753
6753
6756
6756
6758
6759
6759
6760
6761
6761
6762
6763
6763
6764
6766
6766
6766
6767
6769
6769
6770
6772
6773
6779
6781
6782
6784
6786
6786
6788
6790
6791
6791
6791
6791
6791
6792
6793
6794
6795
6796
6797
6798
6800
6801
6801
6802
6802
6804
6804
6804
6807
6807
6807
6809
6809
6809
6809
6813
6815
6815
6816
6816
6816
6816
6816
6817
6818
6819
6819
6826
6826
6826
6826
6827
6827
6829
6830
6833
6834
6835
6836
6836
6836
6837
6837
6839
6840
6840
6842
6842
6842
6843
6843
6844
6844
6845
6846
6848
6851
6851
6855
6855
6859
6863
6863
6864
6865
6865
6865
6866
6867
6867
6867
6869
6869
6869
6870
6870
6871
6871
6871
6871
6874
6874
6874
6874
6876
6880
6882
6885
6885
6886
6886
6887
6888
6888
6890
6891
6893
6893
6896
6897
6897
6899
6899
6902
6902
6902
6902
6903
6905
6905
6907
6909
6909
6909
6911
6911
6911
6912
6912
6913
6916
6917
6918
6919
6920
6920
6921
6923
6924
6925
6925
6927
6927
6928
6931
6937
6937
6938
6938
6939
6939
6942
6946
6946
6946
6946
6947
6949
6950
6953
6953
6954
6954
6954
6955
6955
6956
6957
6959
6959
6965
6966
6968
6969
6970
6971
6972
6973
6973
6974
6975
6975
6975
6976
6976
6977
6979
6980
6980
6983
6985
6985
6985
6986
6987
6988
6988
6991
6996
6996
6996
6998
7000
7000
7002
7003
7004
7005
7006
7006
7008
7008
7008
7009
7009
7010
7010
7011
7012
7012
7013
7013
7015
7016
7016
7018
7018
7019
7024
7025
7025
7025
7026
7027
7028
7029
7029
7030
7031
7033
7034
7034
7034
7036
7039
7039
7040
7041
7041
7041
7041
7042
7043
7043
7044
7044
7044
7046
7046
7047
7048
7048
7048
7049
7051
7051
7052
7052
7054
7054
7054
7058
7060
7061
7061
7061
7063
7063
7064
7066
7066
7067
7067
7067
7069
7071
7071
7071
7071
7072
7073
7074
7075
7075
7075
7076
7078
7078
7081
7083
7084
7085
7087
7087
7090
7090
7091
7092
7092
7093
7093
7093
7093
7093
7093
7094
7097
7098
7098
7099
7102
7103
7104
7105
7105
7106
7106
7107
7109
7109
7110
7110
7111
7113
7113
7114
7114
7116
7116
7118
7119
7121
7123
7123
7123
7124
7127
7128
7129
7129
7130
7131
7132
7134
7134
7135
7135
7135
7136
7137
7138
7142
7143
7143
7143
7145
7146
7147
7148
7149
7150
7150
7151
7155
7156
7156
7158
7158
7159
7160
7160
7162
7164
7164
7164
7164
7165
7167
7167
7168
7171
7172
7173
7174
7175
7176
7176
7179
7179
7180
7180
7180
7185
7185
7186
7187
7188
7188
7190
7190
7190
7191
7191
7192
7193
7197
7197
7199
7200
7203
7205
7205
7206
7207
7208
7208
7210
7210
7214
7216
7216
7217
7218
7219
7220
7223
7225
7226
7226
7226
7227
7228
7228
7228
7229
7229
7229
7230
7232
7232
7232
7234
7234
7237
7237
7239
7240
7241
7242
7243
7244
7244
7246
7246
7246
7246
7247
7249
7250
7250
7252
7252
7252
7253
7253
7256
7257
7258
7259
7259
7260
7262
7263
7263
7263
7263
7264
7265
7265
7265
7268
7268
7271
7274
7274
7274
7275
7276
7277
7278
7279
7280
7280
7280
7282
7282
7282
7282
7284
7285
7286
7288
7289
7289
7292
7292
7292
7292
7295
7296
7299
7300
7302
7303
7304
7304
7305
7306
7308
7311
7312
7313
7319
7319
7320
7320
7320
7322
7322
7324
7325
7326
7327
7327
7328
7329
7334
7336
7337
7338
7338
7338
7340
7341
7342
7344
7344
7345
7345
7346
7347
7347
7348
7352
7352
7352
7353
7353
7353
7355
7355
7355
7355
7356
7356
7357
7357
7358
7359
7359
7361
7361
7361
7364
7365
7367
7367
7368
7371
7372
7374
7375
7375
7375
7375
7377
7379
7379
7381
7385
7385
7386
7387
7387
7389
7394
7394
7399
7400
7400
7401
7402
7402
7403
7404
7405
7405
7405
7407
7409
7409
7410
7410
7410
7414
7414
7414
7415
7418
7419
7420
7421
7422
7423
7425
7426
7427
7427
7428
7428
7431
7432
7433
7433
7434
7435
7437
7439
7439
7440
7441
7442
7442
7443
7443
7444
7444
7444
7444
7446
7448
7449
7450
7451
7451
7452
7457
7457
7457
7458
7461
7463
7464
7464
7464
7467
7467
7467
7468
7470
7470
7471
7472
7473
7475
7477
7477
7478
7482
7483
7484
7484
7487
7488
7489
7489
7489
7489
7490
7491
7491
7491
7492
7493
7494
7494
7494
7495
7496
7496
7497
7499
7499
7499
7500
7502
7503
7503
7503
7504
7504
7505
7505
7506
7506
7506
7506
7506
7506
7508
7509
7511
7513
7513
7515
7519
7521
7521
7527
7527
7530
7531
7532
7532
7536
7538
7538
7539
7540
7541
7542
7544
7546
7549
7551
7551
7551
7552
7554
7555
7555
7557
7558
7558
7563
7564
7564
7565
7565
7565
7566
7566
7566
7567
7567
7568
7569
7569
7570
7571
7573
7575
7576
7576
7579
7580
7581
7583
7585
7585
7586
7587
7587
7587
7587
7588
7588
7588
7589
7589
7593
7594
7595
7596
7596
7596
7598
7599
7599
7600
7601
7602
7603
7603
7604
7606
7607
7608
7611
7611
7611
7611
7612
7613
7614
7615
7617
7617
7618
7618
7618
7620
7622
7622
7626
7627
7628
7628
7630
7630
7630
7633
7633
7633
7634
7637
7638
7638
7638
7639
7639
7640
7642
7644
7645
7645
7648
7651
7651
7653
7656
7656
7657
7657
7658
7660
7663
7663
7663
7664
7667
7668
7668
7669
7670
7670
7670
7670
7674
7675
7675
7675
7676
7676
7677
7679
7679
7681
7684
7687
7687
7687
7688
7688
7692
7697
7700
7700
7703
7704
7704
7705
7706
7707
7707
7709
7711
7713
7714
7715
7717
7718
7719
7720
7721
7721
7723
7724
7725
7726
7727
7727
7727
7728
7729
7729
7730
7730
7731
7731
7731
7732
7733
7733
7733
7733
7733
7734
7734
7735
7735
7741
7741
7741
7743
7745
7747
7748
7748
7749
7749
7750
7750
7752
7752
7753
7753
7753
7754
7754
7756
7757
7758
7759
7760
7760
7761
7762
7763
7764
7767
7768
7768
7769
7769
7771
7772
7772
7773
7773
7774
7774
7779
7780
7782
7783
7783
7783
7784
7785
7785
7786
7787
7787
7788
7791
7794
7794
7795
7795
7797
7799
7800
7800
7801
7802
7802
7804
7805
7808
7810
7810
7813
7814
7816
7818
7819
7820
7822
7822
7822
7824
7826
7826
7830
7830
7831
7831
7832
7833
7833
7834
7834
7834
7835
7835
7836
7838
7838
7838
7838
7839
7840
7840
7840
7842
7843
7844
7845
7846
7846
7846
7847
7849
7850
7851
7851
7851
7852
7853
7853
7853
7853
7859
7861
7862
7862
7864
7865
7866
7867
7867
7869
7869
7870
7871
7872
7872
7876
7876
7876
7877
7878
7879
7879
7880
7880
7882
7884
7885
7885
7886
7887
7888
7890
7891
7892
7892
7893
7894
7896
7896
7897
7897
7898
7900
7902
7902
7903
7903
7905
7905
7908
7910
7912
7913
7913
7913
7917
7918
7923
7923
7925
7925
7926
7927
7928
7930
7930
7932
7932
7935
7936
7939
7940
7942
7944
7944
7945
7946
7947
7947
7948
7948
7949
7950
7951
7953
7953
7957
7958
7959
7960
7963
7967
7968
7969
7969
7971
7972
7973
7974
7974
7975
7975
7976
7977
7977
7977
7981
7982
7982
7985
7985
7985
7986
7988
7988
7989
7989
7990
7990
7993
7994
7996
7997
8001
8003
8003
8004
8008
8009
8010
8012
8012
8013
8014
8015
8015
8015
8016
8016
8017
8017
8018
8018
8018
8023
8023
8025
8026
8026
8032
8034
8037
8039
8039
8040
8043
8043
8044
8045
8045
8046
8047
8047
8047
8048
8049
8049
8051
8052
8052
8054
8055
8055
8056
8057
8058
8058
8059
8062
8063
8064
8065
8072
8073
8074
8078
8078
8078
8081
8081
8081
8082
8090
8090
8091
8092
8092
8093
8093
8094
8096
8096
8098
8099
8099
8103
8103
8104
8104
8106
8107
8109
8109
8110
8110
8111
8111
8115
8116
8120
8123
8123
8123
8123
8124
8124
8125
8128
8129
8130
8131
8133
8133
8134
8135
8135
8138
8139
8143
8144
8144
8146
8148
8148
8149
8150
8150
8153
8153
8155
8156
8157
8158
8159
8160
8161
8163
8163
8165
8165
8165
8166
8167
8167
8168
8169
8170
8172
8172
8172
8173
8174
8176
8176
8180
8182
8184
8186
8186
8187
8189
8189
8191
8191
8192
8192
8193
8195
8195
8195
8197
8199
8201
8202
8202
8204
8204
8205
8208
8209
8213
8213
8213
8216
8216
8216
8217
8217
8218
8221
8222
8222
8225
8226
8227
8227
8227
8229
8230
8231
8231
8231
8231
8231
8232
8232
8232
8233
8233
8235
8236
8236
8237
8238
8238
8238
8241
8241
8242
8242
8242
8242
8246
8246
8248
8249
8249
8250
8250
8251
8252
8252
8252
8254
8255
8255
8256
8258
8258
8259
8259
8260
8260
8261
8261
8262
8263
8264
8266
8268
8268
8268
8270
8271
8271
8272
8272
8273
8274
8277
8278
8279
8280
8280
8281
8285
8287
8288
8288
8288
8290
8290
8291
8291
8291
8293
8294
8295
8298
8300
8301
8304
8306
8306
8307
8308
8313
8315
8315
8316
8316
8317
8318
8318
8318
8321
8321
8321
8321
8322
8323
8325
8325
8327
8328
8328
8328
8329
8331
8331
8332
8334
8334
8334
8335
8335
8336
8338
8338
8339
8342
8346
8346
8346
8347
8349
8349
8351
8352
8353
8354
8354
8354
8354
8356
8357
8358
8361
8361
8362
8363
8364
8365
8365
8366
8368
8371
8371
8373
8373
8376
8376
8378
8379
8381
8383
8384
8385
8385
8386
8387
8388
8389
8389
8390
8392
8393
8394
8398
8399
8400
8403
8403
8405
8405
8408
8409
8410
8410
8412
8412
8413
8413
8415
8415
8415
8416
8417
8420
8427
8428
8429
8429
8431
8433
8435
8435
8435
8436
8436
8437
8439
8440
8441
8441
8442
8446
8449
8449
8449
8450
8450
8451
8453
8455
8455
8455
8457
8457
8457
8458
8461
8461
8461
8463
8463
8464
8464
8465
8467
8468
8469
8472
8475
8481
8482
8483
8483
8483
8484
8485
8485
8486
8486
8487
8487
8489
8489
8490
8490
8491
8491
8491
8492
8492
8494
8495
8497
8500
8500
8502
8502
8504
8505
8508
8509
8511
8512
8512
8514
8515
8516
8517
8518
8520
8521
8522
8522
8523
8524
8524
8525
8525
8525
8526
8527
8528
8529
8529
8531
8533
8534
8534
8534
8536
8538
8539
8539
8540
8540
8541
8541
8541
8542
8543
8543
8544
8544
8544
8546
8547
8549
8549
8550
8553
8553
8557
8557
8558
8558
8560
8561
8561
8562
8562
8564
8565
8567
8567
8568
8570
8570
8570
8571
8571
8571
8571
8572
8573
8574
8574
8575
8575
8578
8579
8580
8581
8582
8585
8585
8585
8589
8590
8591
8593
8593
8593
8593
8593
8596
8598
8598
8599
8599
8600
8601
8601
8601
8601
8602
8603
8606
8607
8607
8607
8608
8608
8609
8611
8612
8612
8615
8615
8615
8615
8615
8616
8616
8616
8617
8618
8621
8622
8622
8624
8624
8626
8629
8630
8630
8632
8632
8633
8635
8635
8636
8637
8638
8639
8639
8639
8640
8640
8643
8643
8644
8645
8645
8647
8649
8649
8650
8650
8650
8651
8654
8655
8658
8660
8660
8661
8661
8662
8662
8662
8666
8667
8668
8668
8670
8670
8670
8671
8671
8672
8674
8675
8676
8676
8676
8678
8678
8679
8680
8681
8682
8683
8683
8683
8683
8685
8686
8689
8689
8694
8695
8696
8696
8698
8699
8700
8701
8701
8702
8702
8704
8706
8707
8709
8711
8712
8713
8714
8714
8715
8716
8717
8717
8718
8718
8719
8720
8720
8721
8723
8723
8724
8726
8726
8730
8730
8731
8731
8733
8733
8735
8736
8738
8738
8738
8739
8742
8744
8744
8744
8744
8747
8747
8749
8751
8752
8755
8755
8756
8757
8757
8757
8758
8759
8760
8761
8762
8762
8763
8763
8764
8764
8765
8766
8766
8766
8767
8767
8768
8769
8770
8770
8771
8771
8773
8773
8773
8773
8776
8778
8778
8783
8785
8785
8785
8786
8786
8786
8789
8792
8792
8794
8794
8794
8797
8797
8797
8797
8798
8798
8799
8799
8799
8800
8804
8805
8805
8807
8808
8811
8811
8812
8813
8814
8815
8815
8815
8816
8817
8819
8820
8820
8822
8823
8823
8825
8826
8828
8828
8829
8829
8830
8830
8832
8833
8833
8836
8836
8839
8840
8841
8844
8847
8850
8850
8852
8852
8853
8853
8854
8855
8856
8857
8858
8859
8859
8861
8862
8862
8862
8864
8865
8867
8870
8870
8870
8870
8871
8872
8872
8873
8874
8874
8875
8876
8877
8877
8879
8879
8883
8885
8885
8890
8891
8892
8892
8892
8894
8895
8895
8898
8900
8901
8903
8903
8904
8904
8904
8905
8908
8909
8909
8910
8913
8916
8916
8916
8917
8917
8917
8918
8918
8919
8919
8923
8924
8924
8925
8926
8927
8928
8929
8930
8932
8936
8937
8938
8938
8939
8939
8940
8940
8940
8940
8941
8942
8943
8943
8945
8945
8949
8952
8955
8955
8957
8957
8958
8960
8960
8962
8962
8962
8963
8964
8965
8967
8967
8967
8970
8974
8975
8975
8976
8977
8977
8978
8978
8979
8982
8982
8982
8982
8982
8982
8982
8984
8984
8984
8985
8986
8987
8987
8987
8988
8988
8991
8992
8994
8994
8995
8996
8997
8998
8999
9000
9002
9004
9006
9006
9006
9007
9007
9008
9012
9013
9014
9014
9015
9015
9018
9018
9019
9021
9022
9022
9022
9023
9023
9023
9024
9024
9024
9027
9028
9029
9029
9029
9030
9031
9032
9033
9036
9036
9038
9039
9039
9041
9041
9042
9042
9043
9043
9043
9044
9046
9046
9048
9048
9048
9050
9051
9052
9052
9053
9054
9056
9056
9058
9063
9066
9067
9068
9071
9073
9073
9073
9073
9076
9076
9080
9080
9080
9080
9082
9082
9082
9084
9084
9084
9085
9087
9087
9088
9088
9089
9090
9091
9091
9092
9092
9093
9093
9093
9093
9096
9096
9098
9100
9101
9102
9103
9105
9106
9106
9107
9109
9111
9112
9113
9114
9114
9114
9114
9115
9116
9116
9118
9119
9121
9121
9123
9125
9126
9126
9127
9129
9129
9130
9130
9131
9131
9132
9133
9133
9133
9135
9136
9139
9140
9141
9142
9143
9145
9145
9146
9148
9149
9149
9152
9154
9155
9158
9159
9160
9160
9161
9162
9163
9165
9165
9167
9168
9171
9171
9175
9175
9176
9177
9177
9177
9179
9179
9181
9182
9183
9183
9183
9184
9187
9188
9190
9191
9191
9191
9192
9194
9194
9195
9195
9196
9197
9199
9199
9200
9201
9201
9202
9205
9205
9208
9208
9209
9212
9213
9214
9220
9220
9220
9223
9224
9226
9226
9226
9228
9228
9228
9229
9230
9232
9232
9233
9233
9234
9235
9235
9236
9237
9239
9242
9242
9242
9243
9243
9246
9246
9247
9248
9252
9253
9253
9253
9253
9254
9255
9257
9259
9259
9259
9260
9261
9263
9264
9265
9265
9266
9268
9268
9269
9271
9271
9272
9272
9273
9274
9275
9275
9276
9278
9278
9279
9279
9280
9280
9282
9282
9282
9283
9285
9286
9286
9286
9287
9288
9290
9290
9290
9291
9292
9295
9296
9296
9297
9297
9299
9299
9300
9302
9303
9308
9310
9310
9310
9311
9312
9312
9315
9317
9318
9318
9319
9319
9320
9322
9322
9323
9323
9324
9325
9326
9327
9328
9329
9332
9332
9332
9333
9333
9335
9335
9335
9336
9337
9340
9340
9345
9346
9349
9349
9350
9351
9351
9352
9353
9355
9355
9355
9357
9357
9357
9357
9360
9362
9362
9363
9365
9365
9366
9366
9366
9368
9368
9371
9371
9375
9377
9377
9377
9378
9378
9378
9379
9382
9383
9383
9386
9388
9392
9393
9393
9397
9397
9397
9399
9399
9401
9403
9404
9405
9405
9406
9407
9407
9407
9409
9409
9410
9410
9412
9412
9412
9413
9414
9421
9421
9421
9423
9423
9424
9424
9425
9425
9427
9430
9431
9431
9431
9432
9432
9433
9433
9436
9437
9439
9440
9442
9443
9443
9443
9445
9445
9446
9446
9447
9448
9448
9449
9449
9449
9450
9452
9452
9454
9456
9456
9458
9458
9458
9459
9459
9460
9460
9460
9461
9461
9461
9462
9464
9465
9467
9467
9470
9470
9471
9471
9472
9472
9473
9473
9474
9474
9474
9477
9479
9484
9484
9485
9486
9486
9486
9487
9487
9491
9491
9493
9495
9496
9499
9500
9502
9503
9506
9507
9508
9509
9509
9510
9510
9511
9514
9516
9517
9517
9518
9521
9521
9525
9526
9530
9531
9532
9536
9536
9537
9541
9541
9544
9545
9546
9546
9548
9548
9550
9551
9552
9552
9552
9554
9554
9556
9556
9558
9559
9560
9561
9561
9564
9565
9565
9566
9566
9568
9573
9575
9575
9576
9577
9577
9577
9578
9578
9581
9581
9583
9584
9585
9586
9587
9587
9589
9589
9590
9592
9592
9593
9593
9593
9595
9595
9599
9600
9600
9602
9602
9602
9603
9604
9605
9605
9606
9607
9607
9609
9615
9616
9616
9618
9618
9619
9619
9623
9623
9625
9629
9630
9630
9630
9631
9631
9631
9632
9632
9634
9634
9635
9636
9636
9636
9637
9639
9640
9642
9642
9643
9643
9643
9645
9646
9647
9647
9648
9650
9651
9653
9653
9654
9658
9659
9659
9660
9661
9661
9662
9662
9663
9663
9665
9666
9666
9666
9669
9670
9672
9672
9673
9675
9675
9676
9678
9679
9680
9680
9680
9682
9682
9683
9683
9683
9685
9687
9687
9689
9689
9689
9690
9691
9691
9692
9692
9693
9694
9694
9695
9695
9697
9699
9699
9700
9701
9702
9703
9704
9704
9705
9705
9706
9706
9706
9707
9707
9708
9708
9709
9714
9715
9715
9715
9715
9717
9719
9720
9721
9722
9723
9723
9724
9724
9726
9726
9727
9727
9728
9729
9730
9730
9732
9733
9734
9736
9737
9737
9740
9741
9742
9744
9745
9746
9747
9749
9750
9751
9751
9751
9753
9754
9754
9757
9757
9757
9758
9758
9761
9762
9764
9767
9767
9769
9771
9771
9773
9777
9779
9779
9781
9783
9783
9784
9785
9785
9785
9785
9785
9787
9788
9792
9795
9796
9796
9797
9798
9799
9799
9803
9804
9804
9804
9805
9807
9807
9808
9808
9809
9811
9812
9812
9815
9816
9819
9819
9820
9823
9825
9825
9825
9826
9826
9826
9829
9829
9832
9832
9832
9833
9834
9837
9837
9838
9839
9839
9841
9843
9844
9844
9845
9845
9845
9847
9848
9849
9849
9849
9850
9850
9851
9852
9852
9853
9855
9856
9856
9856
9857
9857
9857
9859
9860
9860
9861
9862
9862
9862
9862
9863
9865
9866
9866
9867
9868
9869
9870
9871
9872
9872
9873
9873
9874
9874
9874
9874
9876
9877
9877
9880
9883
9884
9884
9890
9893
9893
9894
9895
9899
9899
9900
9900
9900
9902
9904
9904
9905
9905
9906
9907
9907
9908
9909
9910
9911
9911
9912
9912
9913
9913
9914
9916
9916
9916
9918
9919
9919
9922
9924
9925
9925
9926
9928
9930
9931
9931
9933
9934
9934
9934
9935
9936
9936
9936
9937
9937
9938
9938
9938
9942
9943
9944
9946
9946
9947
9948
9949
9949
9949
9950
9950
9951
9952
9952
9953
9953
9954
9955
9956
9956
9956
9957
9958
9959
9961
9962
9963
9963
9964
9965
9965
9966
9968
9968
9969
9970
9970
9971
9971
9972
9973
9975
9976
9976
9977
9977
9978
9980
9980
9980
9981
9982
9984
9984
9985
9987
9987
9987
9987
9988
9988
9988
9989
9989
9989
9989
9990
9990
9991
9993
9994
9994
9994
9995
9999
9999
