Runtime: 2 ms
2
2
5
5
12
14
14
14
15
16
17
18
19
19
21
21
21
22
23
25
30
32
32
33
33
34
34
35
37
39
41
41
43
45
49
49
49
52
53
53
54
54
56
57
57
57
58
60
60
62
63
63
64
64
65
68
69
69
71
73
73
74
74
75
77
78
78
79
83
84
85
86
86
87
87
88
89
90
93
96
96
98
98
100
102
103
106
107
107
109
110
113
113
114
114
114
114
114
115
116
117
118
119
119
120
121
122
122
123
125
126
128
129
129
129
130
130
131
132
133
134
134
134
135
135
136
137
137
137
139
141
143
143
144
145
145
146
146
147
147
150
152
153
153
154
154
155
156
156
156
158
160
160
161
163
164
167
167
168
168
169
169
169
171
172
172
174
174
175
176
176
176
177
178
179
182
182
182
184
185
185
186
189
190
192
199
200
200
201
202
203
208
208
208
210
214
215
217
218
219
219
220
221
221
222
222
223
225
225
226
227
227
227
228
228
229
229
230
232
233
233
235
235
237
239
239
240
240
243
245
246
246
247
247
250
251
251
253
254
256
256
256
257
257
258
258
261
262
263
263
264
264
264
266
270
275
275
279
279
279
280
281
281
281
283
284
285
288
289
290
291
291
291
291
292
293
294
294
295
296
296
297
298
298
298
299
299
300
302
303
303
304
304
305
307
307
310
311
314
315
315
317
317
318
319
319
321
322
322
323
323
323
323
324
326
326
327
329
330
330
330
330
330
332
334
337
338
338
339
341
342
345
347
348
349
349
349
350
353
353
353
354
354
355
355
357
358
358
358
360
360
364
365
365
367
368
369
370
370
370
370
371
371
372
373
375
376
377
378
378
378
379
380
382
382
382
382
383
388
388
388
389
390
390
390
392
392
393
393
394
396
396
400
402
402
403
404
405
405
406
406
408
412
413
414
414
415
417
419
419
420
422
423
426
426
428
429
429
429
429
429
429
431
432
434
435
436
438
438
439
439
440
440
440
442
442
443
443
444
444
445
446
446
448
449
450
451
451
452
452
455
455
455
455
461
461
462
464
464
464
465
468
469
470
472
473
474
475
475
479
479
480
481
482
484
485
485
487
488
488
488
489
489
489
491
491
491
492
492
497
498
500
501
502
503
503
503
505
510
512
512
514
514
516
517
519
520
521
522
522
523
524
527
528
528
529
530
530
530
532
537
537
538
538
539
539
545
546
547
548
552
552
552
554
555
555
556
556
557
558
558
560
561
561
562
562
563
564
564
565
566
567
568
568
573
575
577
579
580
580
582
582
583
583
585
585
585
586
586
588
589
590
590
592
592
596
597
597
599
599
601
602
605
605
606
606
607
607
609
610
611
612
612
613
614
614
617
617
619
619
619
620
622
623
624
624
625
625
625
626
626
627
629
630
631
631
632
632
633
635
635
636
639
639
640
640
641
641
642
644
645
646
649
649
650
651
653
653
655
656
657
657
658
658
659
660
660
661
662
662
662
665
666
668
668
670
670
672
672
676
676
679
680
681
682
682
682
683
684
686
686
687
687
689
691
691
693
693
693
694
694
695
695
695
696
696
700
702
707
707
710
713
713
713
715
716
716
718
719
719
720
720
720
721
723
724
724
725
726
726
728
729
732
732
732
733
733
733
735
735
737
737
738
738
738
739
741
741
741
743
743
744
746
746
746
747
748
750
750
751
754
754
754
754
759
759
759
759
761
761
762
763
765
768
769
769
770
771
772
773
773
773
774
774
775
775
776
776
776
777
777
778
779
779
780
780
780
780
781
781
782
783
783
786
786
786
787
787
788
788
788
789
790
790
790
791
793
794
794
795
796
797
799
799
800
804
805
807
807
808
810
810
812
813
813
813
813
815
817
817
818
819
822
822
824
826
826
829
830
831
834
835
835
836
837
837
838
842
843
845
846
846
847
847
848
848
849
849
850
851
851
851
851
852
852
854
855
855
855
855
856
857
858
858
858
859
859
859
861
861
862
864
865
866
868
868
869
869
869
869
870
871
871
871
872
874
876
876
876
876
879
879
879
881
881
885
887
887
887
888
888
888
888
888
890
891
893
895
897
899
902
903
905
905
905
906
907
909
912
912
912
913
913
914
916
918
919
920
921
921
925
925
926
928
929
929
929
930
931
933
934
934
935
935
940
942
942
943
943
945
946
946
946
946
947
948
948
949
950
952
954
954
957
959
963
963
963
965
965
966
966
966
968
969
969
969
971
971
972
973
973
973
974
974
976
979
981
984
985
985
986
987
988
989
990
990
991
991
992
993
994
995
996
996
998
998
999
1000
1002
1002
1002
1002
1002
1003
1005
1008
1009
1010
1011
1011
1012
1012
1013
1013
1013
1014
1016
1018
1019
1019
1020
1022
1023
1023
1025
1027
1028
1028
1028
1029
1031
1035
1036
1036
1037
1039
1039
1040
1041
1042
1044
1046
1046
1047
1048
1048
1048
1049
1050
1051
1052
1053
1053
1053
1055
1055
1057
1057
1058
1059
1060
1061
1062
1063
1064
1064
1065
1068
1068
1068
1069
1069
1070
1072
1074
1074
1075
1075
1077
1080
1080
1080
1081
1081
1082
1083
1083
1084
1086
1086
1086
1086
1089
1090
1090
1090
1090
1091
1091
1092
1092
1093
1094
1094
1096
1097
1097
1097
1098
1100
1100
1100
1101
1101
1101
1105
1105
1107
1109
1109
1112
1113
1113
1114
1116
1118
1118
1120
1120
1121
1122
1123
1123
1125
1127
1127
1128
1129
1129
1130
1131
1133
1133
1134
1135
1137
1137
1138
1143
1144
1145
1146
1146
1150
1152
1155
1157
1157
1157
1157
1157
1159
1161
1162
1166
1169
1170
1171
1171
1171
1172
1172
1173
1173
1175
1176
1176
1177
1177
1177
1179
1179
1180
1180
1181
1181
1182
1184
1186
1186
1187
1188
1189
1191
1191
1193
1197
1198
1199
1200
1200
1202
1202
1204
1205
1205
1208
1211
1212
1212
1212
1212
1214
1216
1216
1217
1218
1218
1220
1221
1221
1222
1224
1224
1225
1226
1226
1226
1227
1227
1229
1229
1229
1234
1236
1236
1238
1239
1239
1240
1240
1242
1243
1244
1246
1247
1248
1251
1254
1254
1256
1256
1257
1257
1258
1258
1258
1264
1265
1268
1268
1268
1271
1272
1274
1275
1275
1275
1275
1275
1276
1277
1279
1279
1283
1283
1284
1285
1285
1286
1286
1287
1287
1287
1289
1289
1290
1291
1293
1297
1297
1298
1299
1300
1301
1301
1303
1304
1305
1305
1305
1308
1308
1308
1310
1311
1311
1311
1312
1315
1316
1317
1318
1320
1321
1321
1322
1322
1323
1325
1325
1326
1326
1326
1329
1330
1331
1333
1334
1335
1335
1335
1340
1340
1340
1341
1342
1343
1343
1344
1344
1345
1345
1345
1348
1349
1350
1352
1353
1353
1353
1354
1354
1354
1355
1356
1356
1357
1357
1358
1360
1361
1362
1363
1363
1364
1364
1364
1365
1366
1367
1367
1367
1369
1370
1371
1371
1372
1372
1372
1373
1373
1375
1375
1376
1376
1377
1377
1379
1379
1380
1382
1382
1382
1386
1388
1389
1390
1391
1391
1392
1392
1392
1393
1393
1395
1396
1397
1397
1397
1398
1398
1400
1400
1402
1403
1404
1404
1406
1407
1408
1408
1410
1410
1410
1412
1412
1412
1413
1415
1419
1419
1422
1422
1423
1424
1427
1427
1428
1430
1430
1430
1433
1434
1435
1436
1437
1439
1442
1445
1448
1448
1448
1448
1449
1450
1451
1451
1451
1457
1457
1460
1462
1467
1472
1472
1474
1474
1476
1476
1477
1478
1478
1480
1480
1484
1484
1484
1484
1486
1489
1490
1492
1493
1494
1498
1499
1499
1499
1500
1500
1505
1507
1512
1513
1513
1514
1514
1514
1514
1515
1515
1516
1516
1516
1517
1518
1519
1520
1520
1522
1522
1522
1523
1524
1526
1526
1526
1527
1527
1527
1530
1530
1531
1531
1536
1537
1538
1538
1539
1540
1540
1541
1542
1542
1544
1545
1546
1547
1547
1550
1551
1551
1552
1553
1555
1555
1556
1556
1557
1558
1559
1559
1559
1560
1560
1561
1563
1564
1565
1566
1567
1567
1568
1568
1569
1570
1570
1572
1573
1574
1575
1576
1576
1577
1578
1578
1578
1581
1585
1585
1585
1586
1587
1592
1592
1595
1595
1596
1596
1596
1597
1597
1597
1598
1599
1600
1600
1601
1602
1602
1602
1603
1603
1605
1606
1606
1607
1608
1609
1610
1612
1612
1612
1612
1613
1616
1620
1621
1621
1622
1623
1623
1626
1626
1626
1626
1627
1628
1629
1629
1630
1630
1632
1632
1633
1634
1634
1635
1639
1640
1641
1641
1641
1642
1642
1643
1645
1647
1648
1649
1649
1650
1650
1652
1653
1654
1655
1657
1658
1659
1659
1661
1662
1662
1662
1664
1664
1664
1666
1667
1667
1668
1672
1672
1674
1674
1674
1675
1676
1677
1677
1677
1678
1679
1679
1680
1682
1682
1684
1684
1685
1688
1689
1690
1690
1691
1692
1693
1694
1695
1696
1697
1698
1700
1700
1700
1701
1702
1703
1703
1705
1705
1705
1706
1706
1708
1708
1708
1710
1710
1712
1712
1713
1713
1715
1716
1716
1716
1716
1717
1717
1720
1723
1723
1726
1727
1727
1727
1728
1730
1731
1733
1734
1735
1736
1736
1736
1737
1738
1739
1743
1743
1743
1746
1746
1746
1747
1748
1748
1749
1750
1750
1755
1757
1757
1758
1758
1758
1762
1762
1764
1766
1766
1767
1768
1769
1769
1772
1772
1772
1773
1773
1773
1775
1776
1777
1778
1779
1779
1779
1780
1784
1785
1785
1785
1787
1787
1789
1789
1791
1791
1794
1795
1797
1798
1801
1801
1802
1802
1802
1803
1804
1804
1804
1805
1805
1805
1805
1806
1807
1807
1807
1808
1809
1809
1809
1809
1812
1812
1812
1813
1815
1816
1816
1816
1817
1817
1818
1819
1820
1820
1820
1820
1821
1823
1823
1824
1824
1828
1828
1828
1828
1831
1831
1832
1832
1833
1834
1837
1837
1838
1839
1839
1840
1840
1840
1842
1843
1844
1844
1846
1846
1846
1848
1850
1850
1850
1851
1852
1852
1853
1854
1854
1855
1857
1859
1861
1862
1862
1862
1863
1866
1866
1867
1869
1870
1871
1872
1873
1875
1876
1877
1878
1879
1882
1883
1883
1884
1885
1885
1886
1886
1886
1889
1889
1889
1890
1891
1893
1893
1893
1898
1903
1904
1905
1906
1907
1907
1908
1910
1910
1910
1911
1916
1917
1917
1918
1920
1923
1926
1926
1926
1926
1930
1933
1934
1934
1938
1940
1942
1943
1944
1947
1948
1950
1950
1951
1951
1952
1952
1953
1954
1956
1957
1959
1960
1962
1964
1967
1967
1968
1968
1969
1970
1971
1972
1972
1975
1975
1976
1976
1976
1977
1980
1981
1982
1983
1988
1988
1988
1989
1989
1990
1991
1994
1996
1996
1997
1999
2000
2001
2002
2003
2004
2009
2011
2011
2013
2013
2014
2015
2016
2017
2017
2018
2019
2019
2020
2020
2021
2022
2022
2023
2025
2025
2025
2025
2026
2027
2028
2029
2032
2032
2032
2033
2035
2035
2036
2037
2041
2044
2044
2045
2046
2048
2049
2049
2050
2052
2053
2053
2054
2057
2057
2065
2066
2066
2067
2067
2068
2069
2070
2073
2074
2075
2079
2079
2079
2080
2080
2082
2083
2085
2087
2087
2088
2089
2090
2090
2097
2097
2098
2099
2101
2101
2102
2102
2104
2104
2104
2107
2108
2109
2109
2111
2111
2113
2113
2115
2117
2117
2118
2118
2120
2121
2121
2122
2122
2123
2125
2125
2128
2129
2130
2130
2131
2132
2132
2133
2134
2135
2135
2137
2139
2139
2139
2141
2142
2144
2144
2147
2148
2148
2148
2151
2151
2151
2154
2155
2156
2157
2158
2159
2160
2160
2160
2161
2161
2162
2162
2162
2163
2164
2167
2168
2170
2176
2176
2176
2177
2179
2180
2181
2183
2184
2184
2185
2185
2186
2186
2187
2188
2190
2190
2192
2193
2193
2193
2193
2194
2195
2195
2196
2199
2201
2201
2201
2203
2203
2204
2205
2206
2206
2206
2207
2208
2208
2209
2209
2211
2211
2212
2213
2213
2214
2217
2217
2218
2219
2221
2223
2223
2223
2227
2231
2231
2232
2235
2237
2237
2238
2238
2241
2242
2244
2245
2245
2248
2249
2250
2251
2251
2252
2256
2257
2259
2260
2261
2264
2264
2265
2266
2266
2267
2267
2267
2267
2267
2267
2268
2268
2270
2270
2271
2271
2271
2273
2273
2276
2280
2280
2281
2282
2282
2282
2283
2284
2284
2285
2287
2287
2290
2292
2293
2295
2296
2297
2298
2298
2301
2303
2303
2305
2306
2306
2308
2309
2309
2310
2310
2310
2310
2311
2313
2314
2316
2319
2320
2320
2321
2323
2323
2324
2324
2326
2327
2327
2328
2328
2332
2332
2333
2333
2334
2337
2338
2339
2339
2339
2342
2344
2345
2345
2345
2346
2346
2347
2347
2349
2350
2352
2354
2355
2360
2360
2361
2363
2363
2363
2364
2367
2371
2372
2374
2374
2374
2375
2375
2375
2375
2378
2380
2381
2382
2383
2384
2384
2386
2386
2387
2388
2390
2390
2390
2390
2391
2391
2391
2391
2393
2394
2395
2396
2400
2401
2401
2401
2401
2405
2405
2408
2409
2409
2409
2412
2413
2414
2414
2414
2414
2415
2417
2419
2419
2420
2421
2422
2423
2424
2424
2425
2425
2426
2426
2427
2427
2429
2430
2430
2431
2432
2435
2436
2436
2439
2440
2440
2441
2444
2447
2447
2448
2448
2450
2451
2452
2453
2456
2457
2458
2460
2460
2461
2462
2465
2466
2466
2468
2468
2470
2471
2474
2477
2477
2477
2477
2478
2478
2479
2480
2480
2482
2483
2483
2485
2485
2486
2488
2488
2488
2489
2490
2493
2494
2494
2495
2495
2496
2497
2497
2497
2498
2499
2502
2502
2504
2505
2507
2508
2510
2511
2511
2511
2512
2513
2514
2516
2516
2516
2521
2521
2521
2522
2523
2523
2523
2524
2525
2526
2527
2527
2528
2529
2530
2533
2534
2534
2534
2534
2536
2542
2542
2543
2545
2546
2547
2547
2548
2548
2549
2550
2551
2553
2554
2554
2555
2557
2557
2557
2558
2558
2558
2559
2561
2562
2563
2563
2563
2565
2565
2566
2566
2566
2566
2566
2566
2569
2571
2573
2574
2576
2578
2578
2578
2579
2580
2581
2581
2584
2584
2585
2585
2588
2590
2590
2591
2591
2592
2592
2592
2593
2596
2596
2597
2601
2601
2603
2604
2606
2609
2609
2611
2611
2612
2612
2615
2616
2616
2618
2619
2619
2622
2625
2625
2627
2627
2628
2628
2628
2633
2635
2635
2635
2636
2637
2637
2639
2641
2641
2642
2644
2645
2645
2645
2646
2646
2647
2648
2648
2649
2649
2651
2652
2652
2652
2652
2653
2653
2653
2653
2654
2655
2656
2658
2659
2659
2659
2660
2663
2664
2664
2665
2665
2666
2670
2671
2672
2672
2673
2673
2673
2675
2676
2680
2683
2684
2685
2686
2686
2687
2688
2689
2689
2690
2690
2691
2691
2692
2692
2693
2693
2693
2695
2696
2700
2701
2703
2704
2706
2706
2709
2710
2711
2714
2714
2714
2716
2716
2716
2718
2720
2721
2723
2724
2726
2728
2730
2730
2731
2732
2732
2732
2733
2733
2737
2737
2737
2738
2738
2738
2740
2741
2742
2744
2745
2746
2749
2749
2751
2751
2751
2753
2754
2755
2757
2758
2758
2758
2758
2758
2759
2763
2764
2764
2765
2765
2766
2766
2766
2767
2769
2769
2770
2770
2771
2772
2772
2773
2773
2775
2778
2783
2785
2786
2788
2789
2790
2791
2792
2792
2792
2793
2794
2794
2795
2795
2801
2801
2803
2805
2805
2806
2807
2809
2811
2811
2811
2812
2812
2814
2816
2818
2818
2819
2819
2820
2820
2820
2821
2822
2822
2824
2824
2824
2824
2825
2828
2828
2828
2829
2831
2832
2834
2835
2835
2835
2835
2835
2835
2836
2836
2837
2838
2839
2839
2841
2841
2842
2843
2843
2844
2844
2846
2846
2847
2848
2848
2849
2851
2853
2854
2855
2856
2856
2856
2860
2862
2862
2863
2863
2864
2864
2865
2866
2866
2867
2870
2871
2871
2872
2874
2875
2876
2877
2879
2880
2881
2881
2883
2884
2884
2885
2887
2888
2892
2892
2893
2893
2893
2894
2894
2894
2896
2896
2897
2897
2898
2898
2900
2902
2902
2902
2905
2905
2910
2910
2911
2911
2912
2913
2914
2915
2915
2918
2919
2919
2921
2921
2922
2922
2923
2924
2926
2927
2928
2929
2930
2931
2932
2932
2932
2936
2936
2937
2937
2939
2940
2941
2942
2943
2946
2949
2949
2950
2951
2952
2952
2953
2954
2954
2955
2959
2960
2960
2960
2961
2962
2962
2962
2963
2964
2964
2965
2965
2965
2967
2968
2969
2969
2970
2971
2971
2973
2975
2975
2976
2978
2979
2980
2980
2982
2983
2983
2983
2985
2987
2989
2989
2990
2991
2991
2992
2993
2993
2994
2995
2995
2996
2996
2998
2998
2998
2999
3001
3002
3004
3006
3006
3006
3008
3008
3008
3010
3010
3011
3013
3014
3014
3016
3016
3017
3018
3018
3019
3020
3021
3022
3022
3023
3023
3025
3025
3026
3026
3027
3029
3029
3032
3032
3032
3035
3035
3036
3037
3038
3039
3044
3045
3045
3051
3053
3053
3055
3056
3056
3056
3058
3059
3060
3061
3062
3063
3063
3064
3065
3066
3067
3067
3068
3068
3068
3069
3070
3071
3072
3073
3073
3075
3075
3077
3077
3078
3080
3084
3084
3085
3087
3088
3088
3089
3090
3091
3092
3092
3094
3094
3094
3096
3097
3098
3098
3098
3099
3100
3101
3101
3102
3102
3103
3104
3105
3107
3107
3107
3107
3110
3110
3112
3114
3115
3116
3116
3117
3117
3120
3121
3122
3123
3125
3126
3127
3127
3127
3129
3130
3131
3131
3131
3132
3135
3135
3136
3136
3137
3137
3137
3137
3138
3138
3138
3140
3140
3142
3143
3144
3146
3146
3148
3148
3148
3149
3150
3151
3152
3152
3152
3154
3155
3156
3157
3157
3157
3157
3158
3158
3159
3159
3161
3161
3162
3164
3164
3164
3165
3169
3169
3169
3171
3172
3172
3172
3173
3174
3175
3175
3175
3177
3178
3178
3178
3179
3180
3180
3180
3182
3183
3184
3185
3185
3185
3186
3187
3188
3189
3190
3192
3192
3194
3194
3196
3198
3198
3200
3203
3203
3204
3204
3205
3206
3208
3209
3211
3212
3214
3215
3216
3216
3216
3217
3217
3218
3218
3218
3220
3220
3221
3223
3223
3224
3226
3226
3227
3228
3228
3229
3229
3230
3232
3232
3236
3237
3237
3237
3238
3239
3243
3243
3244
3247
3247
3248
3249
3251
3253
3255
3255
3255
3256
3260
3260
3260
3261
3262
3264
3264
3265
3266
3266
3267
3267
3270
3273
3278
3279
3280
3282
3283
3286
3286
3286
3286
3290
3292
3292
3293
3294
3294
3294
3295
3297
3297
3300
3300
3302
3307
3309
3309
3310
3310
3310
3312
3312
3312
3312
3314
3315
3315
3315
3318
3318
3321
3321
3322
3322
3323
3324
3326
3326
3328
3329
3330
3330
3330
3332
3332
3332
3333
3333
3334
3334
3334
3334
3335
3335
3335
3337
3337
3339
3339
3341
3342
3342
3343
3343
3343
3343
3344
3344
3344
3346
3346
3346
3355
3355
3356
3357
3357
3357
3358
3359
3361
3362
3362
3365
3365
3366
3371
3374
3378
3379
3379
3380
3381
3381
3382
3382
3382
3384
3385
3386
3387
3388
3389
3389
3390
3391
3393
3394
3396
3396
3397
3397
3398
3398
3400
3400
3400
3400
3401
3401
3403
3403
3403
3404
3404
3405
3405
3407
3407
3408
3408
3412
3413
3413
3413
3414
3418
3418
3419
3421
3423
3423
3424
3426
3427
3427
3427
3428
3428
3428
3428
3429
3430
3431
3436
3440
3440
3440
3444
3444
3446
3446
3448
3448
3450
3450
3452
3452
3452
3453
3453
3453
3455
3455
3456
3459
3461
3463
3464
3464
3464
3464
3465
3465
3466
3468
3469
3470
3472
3473
3474
3474
3475
3476
3476
3476
3477
3481
3488
3490
3490
3493
3493
3494
3495
3496
3499
3499
3500
3501
3503
3504
3504
3505
3505
3507
3507
3507
3508
3508
3511
3516
3516
3519
3526
3528
3529
3530
3530
3532
3535
3536
3537
3538
3539
3539
3540
3542
3542
3543
3543
3544
3544
3545
3546
3546
3547
3549
3550
3551
3552
3552
3553
3554
3556
3558
3558
3558
3559
3560
3560
3562
3562
3563
3563
3564
3564
3569
3569
3570
3571
3572
3573
3574
3576
3576
3577
3577
3579
3580
3580
3581
3585
3586
3586
3587
3587
3587
3588
3589
3591
3591
3592
3592
3592
3593
3593
3594
3594
3595
3596
3596
3597
3598
3600
3600
3603
3606
3608
3609
3609
3609
3610
3613
3614
3615
3618
3619
3619
3619
3619
3621
3623
3623
3623
3624
3624
3625
3630
3630
3630
3632
3632
3635
3636
3636
3637
3637
3637
3638
3639
3639
3639
3641
3642
3642
3643
3644
3644
3644
3645
3647
3647
3648
3650
3650
3650
3651
3651
3651
3652
3653
3655
3656
3657
3658
3658
3658
3658
3660
3661
3665
3666
3666
3667
3668
3669
3670
3670
3672
3673
3673
3673
3674
3676
3676
3676
3677
3677
3682
3683
3683
3684
3684
3684
3685
3686
3686
3690
3691
3692
3693
3694
3697
3698
3698
3701
3701
3702
3703
3704
3705
3705
3706
3706
3706
3706
3707
3707
3708
3709
3709
3712
3712
3712
3715
3715
3716
3716
3717
3719
3719
3720
3722
3722
3724
3725
3725
3728
3728
3728
3728
3731
3731
3733
3734
3735
3735
3738
3739
3739
3741
3743
3743
3749
3751
3751
3752
3754
3754
3756
3757
3757
3757
3758
3759
3760
3761
3762
3763
3763
3763
3764
3764
3764
3766
3766
3769
3771
3774
3775
3775
3779
3781
3781
3782
3785
3785
3788
3790
3791
3791
3792
3793
3795
3795
3796
3797
3797
3798
3801
3801
3803
3803
3805
3805
3806
3808
3808
3809
3810
3810
3810
3811
3813
3813
3814
3816
3817
3818
3818
3820
3820
3821
3822
3822
3823
3825
3826
3827
3827
3827
3830
3830
3831
3831
3831
3833
3833
3834
3835
3836
3836
3836
3836
3839
3840
3841
3842
3843
3843
3843
3843
3845
3847
3848
3849
3851
3852
3852
3853
3855
3855
3855
3856
3858
3858
3858
3859
3863
3866
3867
3867
3868
3872
3873
3874
3876
3878
3878
3878
3879
3880
3882
3883
3884
3886
3887
3887
3888
3888
3889
3889
3891
3893
3894
3894
3895
3897
3897
3898
3898
3899
3900
3901
3902
3904
3904
3904
3906
3908
3909
3909
3910
3910
3910
3911
3911
3911
3911
3912
3912
3913
3913
3914
3919
3919
3919
3920
3921
3921
3921
3923
3924
3924
3926
3926
3927
3928
3929
3929
3930
3932
3934
3935
3936
3936
3936
3936
3937
3937
3939
3939
3940
3942
3942
3945
3946
3946
3947
3947
3947
3949
3950
3951
3953
3953
3954
3956
3957
3957
3958
3959
3960
3961
3962
3962
3962
3963
3963
3964
3966
3967
3967
3969
3969
3971
3971
3973
3973
3973
3973
3974
3974
3975
3976
3977
3979
3983
3984
3984
3984
3985
3985
3988
3988
3989
3991
3992
3992
3996
3997
3999
3999
4000
4002
4004
4004
4005
4005
4006
4007
4007
4008
4009
4009
4009
4011
4012
4013
4016
4016
4016
4017
4018
4019
4020
4020
4021
4021
4021
4022
4022
4024
4027
4028
4028
4029
4030
4032
4034
4034
4034
4036
4039
4040
4041
4041
4041
4041
4042
4042
4044
4045
4045
4048
4048
4049
4050
4050
4051
4054
4054
4055
4058
4058
4061
4061
4062
4062
4063
4063
4063
4063
4064
4064
4065
4065
4066
4069
4069
4073
4074
4075
4075
4075
4077
4078
4080
4081
4083
4084
4086
4089
4089
4090
4092
4092
4092
4093
4095
4096
4097
4098
4099
4100
4102
4102
4104
4105
4106
4108
4109
4111
4111
4112
4114
4115
4115
4116
4116
4116
4117
4118
4118
4118
4120
4120
4121
4121
4121
4121
4124
4124
4124
4125
4126
4128
4128
4128
4128
4128
4131
4132
4133
4133
4133
4133
4134
4136
4136
4137
4137
4139
4139
4139
4139
4140
4142
4143
4144
4145
4145
4146
4146
4147
4147
4148
4149
4151
4152
4153
4153
4155
4155
4158
4159
4160
4162
4163
4164
4167
4167
4169
4171
4172
4174
4174
4176
4177
4177
4177
4180
4181
4181
4182
4184
4184
4185
4187
4189
4189
4193
4194
4198
4198
4199
4200
4200
4201
4201
4206
4206
4209
4210
4212
4212
4213
4215
4216
4220
4220
4220
4222
4222
4223
4224
4224
4225
4225
4225
4226
4228
4230
4231
4232
4232
4232
4232
4233
4233
4235
4236
4236
4239
4241
4241
4242
4242
4245
4247
4247
4248
4250
4250
4250
4251
4252
4252
4254
4255
4259
4260
4262
4263
4264
4264
4264
4267
4268
4269
4269
4270
4270
4270
4270
4271
4271
4279
4280
4281
4284
4285
4285
4286
4288
4288
4288
4290
4291
4292
4294
4294
4295
4296
4297
4297
4298
4298
4299
4301
4302
4302
4303
4303
4304
4308
4308
4308
4313
4315
4316
4318
4318
4319
4319
4319
4320
4321
4322
4322
4323
4325
4327
4328
4329
4329
4329
4330
4331
4332
4332
4334
4338
4339
4340
4340
4342
4342
4343
4343
4347
4349
4349
4350
4351
4352
4352
4353
4355
4358
4360
4360
4362
4364
4364
4365
4365
4368
4369
4369
4370
4371
4371
4374
4375
4376
4378
4380
4381
4382
4383
4383
4387
4389
4389
4390
4390
4393
4393
4395
4396
4396
4396
4400
4400
4401
4402
4402
4403
4403
4404
4405
4408
4408
4409
4410
4411
4412
4413
4413
4414
4414
4415
4418
4419
4421
4424
4425
4426
4428
4429
4429
4429
4431
4431
4432
4432
4432
4433
4435
4436
4437
4437
4437
4438
4438
4438
4439
4440
4442
4443
4444
4445
4448
4449
4449
4450
4450
4452
4452
4452
4453
4453
4456
4456
4457
4457
4457
4458
4459
4461
4461
4462
4462
4462
4463
4463
4465
4466
4468
4468
4469
4470
4470
4472
4473
4474
4474
4475
4475
4476
4476
4477
4478
4479
4480
4480
4481
4482
4482
4484
4484
4484
4488
4490
4492
4493
4493
4493
4493
4495
4495
4496
4496
4498
4498
4499
4499
4500
4501
4501
4502
4502
4502
4504
4504
4504
4505
4505
4506
4506
4507
4509
4509
4510
4511
4511
4513
4514
4515
4515
4515
4516
4516
4517
4520
4520
4522
4522
4523
4525
4527
4528
4529
4529
4529
4530
4530
4532
4533
4533
4533
4535
4535
4536
4536
4537
4537
4538
4539
4539
4543
4543
4543
4544
4544
4545
4546
4549
4549
4550
4553
4554
4554
4554
4555
4556
4557
4558
4559
4559
4560
4561
4561
4567
4568
4568
4569
4569
4569
4569
4569
4570
4572
4573
4573
4573
4573
4574
4575
4577
4577
4578
4578
4579
4579
4581
4582
4584
4584
4585
4585
4586
4587
4588
4588
4588
4589
4595
4596
4596
4597
4599
4599
4605
4606
4607
4607
4608
4609
4609
4609
4609
4610
4613
4615
4616
4617
4617
4617
4618
4618
4618
4620
4623
4623
4625
4625
4630
4631
4631
4631
4631
4635
4637
4638
4640
4641
4641
4644
4646
4646
4646
4647
4647
4649
4651
4655
4656
4657
4658
4658
4658
4659
4662
4662
4662
4665
4667
4667
4668
4670
4670
4670
4672
4674
4674
4676
4676
4677
4677
4678
4679
4679
4680
4680
4681
4681
4682
4682
4683
4684
4685
4689
4690
4691
4691
4692
4692
4692
4693
4694
4694
4694
4695
4695
4695
4696
4696
4696
4696
4697
4697
4698
4698
4698
4699
4699
4700
4700
4701
4702
4704
4704
4705
4707
4708
4710
4712
4713
4714
4715
4717
4717
4717
4718
4721
4725
4728
4729
4730
4731
4731
4732
4733
4733
4733
4734
4735
4736
4737
4738
4738
4738
4742
4742
4742
4743
4743
4745
4745
4747
4747
4747
4748
4750
4751
4752
4754
4756
4757
4757
4758
4758
4759
4759
4760
4760
4760
4762
4764
4764
4765
4766
4766
4767
4772
4774
4775
4775
4776
4778
4778
4780
4780
4780
4785
4787
4787
4788
4789
4789
4789
4790
4791
4792
4792
4793
4794
4796
4796
4796
4797
4798
4799
4800
4802
4802
4803
4803
4803
4803
4803
4805
4805
4806
4809
4811
4812
4812
4813
4814
4815
4816
4817
4818
4818
4820
4820
4822
4822
4822
4824
4825
4827
4827
4828
4828
4829
4829
4831
4832
4834
4835
4837
4837
4838
4838
4838
4841
4841
4842
4843
4843
4843
4844
4846
4846
4847
4850
4850
4851
4852
4852
4853
4854
4855
4855
4855
4859
4863
4864
4866
4866
4866
4867
4868
4870
4871
4872
4872
4874
4874
4875
4875
4877
4878
4879
4883
4884
4886
4891
4893
4893
4893
4894
4895
4896
4896
4896
4897
4898
4902
4902
4905
4907
4907
4907
4908
4908
4910
4910
4910
4911
4911
4915
4917
4918
4919
4920
4923
4923
4923
4924
4924
4925
4925
4927
4929
4931
4933
4935
4937
4937
4938
4938
4945
4948
4950
4950
4951
4951
4951
4952
4954
4956
4956
4957
4959
4960
4960
4961
4961
4962
4962
4963
4963
4965
4965
4965
4966
4967
4967
4967
4968
4971
4971
4972
4973
4974
4979
4979
4982
4983
4984
4984
4984
4985
4986
4987
4989
4991
4993
4993
4996
4998
5000
5000
5000
5000
5001
5002
5005
5006
5008
5009
5010
5011
5011
5012
5013
5013
5014
5016
5017
5017
5018
5018
5019
5020
5022
5023
5024
5024
5024
5024
5025
5025
5027
5027
5028
5029
5029
5029
5031
5031
5032
5032
5035
5036
5036
5036
5038
5038
5041
5043
5044
5045
5045
5046
5047
5049
5050
5050
5053
5053
5053
5053
5055
5056
5058
5058
5058
5059
5060
5060
5060
5063
5064
5065
5066
5066
5067
5068
5069
5069
5070
5074
5075
5075
5077
5077
5080
5086
5086
5087
5088
5088
5092
5092
5093
5094
5095
5095
5095
5096
5097
5098
5099
5100
5101
5102
5102
5104
5105
5105
5106
5106
5107
5112
5113
5114
5114
5114
5115
5118
5121
5121
5122
5122
5123
5124
5124
5125
5125
5126
5126
5126
5128
5128
5130
5131
5134
5134
5134
5134
5135
5135
5136
5138
5141
5141
5142
5143
5144
5145
5146
5148
5148
5149
5151
5151
5152
5155
5157
5159
5159
5159
5159
5160
5162
5163
5166
5167
5168
5168
5170
5171
5171
5172
5173
5174
5174
5175
5176
5176
5176
5178
5180
5181
5182
5184
5186
5187
5187
5187
5188
5189
5190
5190
5194
5194
5194
5194
5199
5200
5200
5202
5202
5203
5205
5205
5207
5209
5210
5211
5211
5212
5214
5216
5217
5217
5218
5219
5220
5220
5222
5222
5222
5223
5224
5224
5226
5226
5227
5228
5229
5229
5230
5230
5232
5232
5233
5234
5234
5235
5237
5239
5239
5241
5246
5246
5246
5247
5250
5251
5251
5252
5252
5254
5255
5255
5258
5258
5259
5260
5260
5261
5261
5263
5264
5265
5265
5266
5267
5268
5269
5270
5270
5270
5271
5272
5272
5272
5274
5276
5276
5277
5278
5278
5278
5278
5279
5280
5280
5281
5282
5282
5284
5288
5288
5291
5293
5293
5294
5294
5294
5296
5297
5297
5299
5299
5300
5302
5303
5306
5308
5310
5310
5310
5311
5312
5312
5314
5316
5317
5317
5318
5321
5322
5323
5323
5324
5325
5327
5330
5332
5332
5332
5334
5334
5335
5335
5337
5337
5341
5341
5342
5345
5345
5346
5347
5347
5347
5349
5350
5352
5352
5354
5354
5354
5354
5355
5356
5358
5359
5359
5360
5362
5363
5364
5364
5366
5367
5367
5367
5368
5370
5372
5372
5373
5374
5374
5374
5376
5377
5379
5379
5379
5380
5382
5383
5384
5384
5385
5386
5386
5387
5387
5388
5389
5389
5389
5393
5394
5395
5395
5396
5397
5399
5401
5402
5406
5406
5406
5407
5408
5409
5411
5412
5413
5414
5415
5416
5417
5417
5420
5422
5423
5423
5425
5426
5426
5427
5431
5432
5432
5433
5434
5434
5434
5435
5437
5440
5441
5441
5441
5441
5442
5443
5443
5443
5443
5444
5445
5445
5447
5447
5448
5448
5449
5449
5450
5454
5455
5457
5458
5460
5461
5461
5461
5463
5463
5463
5464
5464
5466
5468
5471
5472
5472
5474
5474
5475
5475
5476
5476
5477
5477
5482
5482
5482
5482
5484
5485
5486
5486
5487
5487
5487
5489
5490
5490
5491
5491
5492
5493
5494
5495
5496
5497
5498
5499
5505
5507
5507
5508
5510
5511
5512
5514
5516
5517
5517
5518
5518
5519
5520
5521
5521
5525
5526
5526
5528
5531
5532
5532
5532
5532
5532
5532
5534
5534
5534
5535
5535
5535
5535
5536
5537
5537
5537
5540
5540
5541
5542
5542
5543
5546
5549
5550
5550
5552
5553
5554
5554
5555
5556
5556
5557
5557
5558
5558
5559
5559
5560
5560
5561
5564
5564
5564
5566
5568
5570
5571
5572
5572
5574
5574
5574
5577
5577
5577
5579
5581
5587
5588
5589
5589
5590
5590
5591
5592
5592
5595
5596
5596
5597
5597
5597
5597
5599
5600
5602
5603
5603
5603
5604
5607
5607
5607
5609
5609
5611
5611
5614
5614
5616
5616
5618
5620
5621
5622
5622
5622
5622
5627
5627
5628
5628
5628
5628
5630
5632
5633
5636
5639
5639
5640
5641
5642
5645
5647
5649
5649
5649
5649
5650
5650
5650
5652
5653
5654
5654
5655
5660
5661
5662
5664
5665
5665
5666
5667
5667
5667
5668
5668
5669
5670
5673
5673
5674
5677
5677
5679
5679
5682
5683
5684
5686
5687
5689
5691
5691
5692
5692
5692
5692
5695
5695
5695
5697
5698
5698
5701
5701
5701
5702
5702
5703
5704
5705
5705
5707
5708
5708
5710
5710
5712
5713
5715
5718
5719
5720
5722
5722
5723
5723
5723
5726
5726
5729
5730
5731
5731
5732
5732
5733
5734
5735
5736
5737
5737
5737
5737
5739
5742
5742
5745
5746
5747
5748
5748
5749
5751
5751
5754
5755
5755
5755
5758
5760
5761
5762
5762
5763
5765
5766
5767
5770
5770
5772
5772
5773
5774
5775
5776
5779
5779
5781
5781
5784
5784
5786
5786
5788
5789
5789
5789
5791
5794
5796
5797
5799
5800
5802
5802
5806
5807
5809
5809
5810
5810
5811
5812
5812
5813
5815
5815
5815
5817
5818
5818
5820
5821
5821
5821
5821
5825
5826
5828
5828
5829
5829
5832
5832
5832
5833
5833
5835
5837
5837
5838
5839
5839
5843
5846
5847
5847
5848
5848
5849
5849
5851
5851
5854
5855
5856
5858
5858
5859
5859
5861
5862
5862
5863
5863
5864
5866
5866
5867
5870
5873
5874
5875
5875
5875
5876
5876
5877
5878
5881
5885
5886
5888
5888
5890
5892
5892
5893
5893
5896
5896
5899
5900
5900
5901
5901
5903
5904
5905
5906
5907
5908
5910
5910
5910
5910
5912
5912
5913
5913
5914
5914
5916
5918
5918
5918
5918
5918
5919
5924
5924
5925
5926
5927
5929
5929
5931
5931
5933
5933
5934
5935
5935
5936
5937
5937
5938
5938
5938
5938
5939
5942
5948
5948
5949
5949
5950
5952
5952
5953
5953
5953
5953
5954
5954
5955
5955
5956
5957
5957
5959
5961
5963
5963
5963
5964
5966
5967
5968
5969
5970
5973
5977
5982
5983
5986
5986
5986
5986
5986
5986
5987
5992
5993
5994
5995
5996
5996
5999
5999
6000
6000
6000
6003
6004
6004
6004
6005
6005
6006
6007
6008
6008
6008
6011
6012
6015
6017
6017
6022
6022
6024
6024
6025
6025
6027
6031
6031
6032
6032
6036
6036
6039
6041
6042
6042
6042
6043
6043
6045
6045
6045
6046
6048
6048
6049
6050
6051
6053
6053
6054
6054
6055
6057
6057
6057
6059
6061
6061
6063
6065
6066
6066
6068
6068
6069
6070
6071
6071
6072
6074
6074
6075
6076
6077
6081
6082
6083
6083
6083
6085
6085
6087
6087
6088
6089
6089
6090
6095
6096
6097
6098
6099
6100
6100
6101
6102
6103
6103
6103
6103
6104
6106
6106
6107
6108
6110
6110
6110
6110
6111
6111
6114
6114
6115
6117
6117
6118
6118
6119
6119
6121
6122
6123
6123
6124
6125
6126
6126
6128
6128
6129
6131
6137
6140
6140
6142
6142
6144
6148
6151
6151
6151
6152
6152
6152
6153
6153
6154
6155
6155
6158
6158
6159
6159
6159
6161
6162
6162
6162
6162
6162
6163
6163
6163
6163
6164
6164
6168
6168
6170
6171
6172
6172
6174
6175
6178
6178
6179
6179
6180
6181
6181
6181
6181
6182
6182
6182
6183
6185
6185
6187
6187
6190
6193
6194
6194
6194
6196
6198
6199
6199
6199
6199
6200
6200
6200
6200
6200
6202
6202
6204
6205
6207
6208
6209
6211
6213
6215
6215
6215
6215
6216
6216
6217
6217
6218
6218
6219
6219
6219
6220
6223
6225
6225
6226
6227
6227
6227
6228
6228
6231
6231
6233
6233
6233
6233
6234
6234
6235
6235
6237
6237
6239
6239
6240
6241
6241
6245
6246
6247
6248
6249
6250
6252
6254
6254
6255
6256
6257
6257
6258
6258
6259
6259
6260
6260
6261
6261
6261
6263
6265
6265
6265
6266
6267
6272
6272
6273
6273
6273
6274
6274
6275
6276
6276
6276
6276
6278
6279
6279
6281
6283
6283
6284
6284
6285
6285
6286
6287
6288
6290
6290
6291
6292
6294
6295
6296
6297
6297
6297
6298
6299
6300
6301
6302
6302
6304
6306
6306
6307
6308
6308
6309
6309
6310
6312
6313
6315
6315
6316
6319
6319
6322
6322
6322
6322
6327
6328
6328
6330
6330
6331
6331
6331
6332
6334
6337
6339
6340
6341
6341
6344
6346
6347
6349
6349
6350
6351
6352
6354
6355
6355
6356
6358
6359
6359
6360
6361
6362
6362
6363
6365
6366
6366
6367
6368
6369
6369
6370
6371
6372
6373
6374
6376
6377
6377
6378
6380
6381
6381
6382
6382
6384
6385
6386
6386
6387
6388
6389
6390
6392
6393
6393
6393
6393
6394
6395
6395
6398
6398
6399
6399
6400
6400
6401
6401
6404
6404
6405
6406
6410
6411
6412
6413
6413
6414
6414
6414
6414
6417
6418
6419
6420
6420
6422
6423
6423
6425
6425
6425
6425
6426
6426
6433
6433
6435
6435
6436
6437
6439
6440
6441
6441
6442
6442
6444
6445
6445
6447
6447
6447
6449
6449
6450
6450
6450
6452
6455
6456
6456
6457
6457
6458
6458
6459
6460
6460
6461
6466
6466
6468
6472
6472
6474
6475
6477
6478
6479
6480
6481
6482
6482
6482
6482
6482
6483
6484
6485
6486
6487
6489
6490
6490
6494
6496
6496
6497
6498
6498
6499
6499
6500
6502
6504
6506
6506
6507
6508
6509
6509
6509
6509
6509
6510
6510
6510
6511
6512
6512
6516
6518
6518
6518
6521
6521
6523
6523
6523
6523
6524
6524
6524
6525
6525
6528
6528
6529
6530
6530
6530
6531
6532
6532
6533
6533
6534
6535
6537
6538
6539
6540
6541
6543
6545
6545
6546
6547
6548
6549
6549
6550
6550
6551
6551
6552
6553
6553
6554
6554
6555
6556
6556
6557
6558
6558
6559
6559
6559
6560
6560
6561
6561
6561
6564
6565
6565
6565
6568
6568
6569
6569
6571
6571
6572
6573
6574
6575
6575
6576
6577
6579
6580
6581
6581
6582
6583
6584
6584
6589
6590
6597
6598
6598
6601
6602
6603
6605
6605
6607
6607
6608
6608
6608
6614
6614
6614
6615
6616
6618
6618
6618
6619
6621
6622
6623
6624
6625
6627
6628
6628
6630
6630
6630
6633
6633
6633
6634
6635
6636
6638
6641
6641
6644
6649
6650
6652
6653
6653
6653
6654
6655
6656
6657
6658
6658
6658
6659
6662
6664
6665
6665
6667
6667
6667
6668
6668
6668
6670
6671
6672
6674
6676
6676
6677
6678
6678
6679
6680
6682
6682
6682
6685
6687
6690
6691
6692
6692
6693
6695
6696
6698
6699
6700
6701
6701
6702
6702
6703
6704
6705
6705
6705
6706
6706
6706
6707
6708
6710
6710
6711
6711
6712
6712
6713
6713
6715
6716
6716
6717
6718
6718
6719
6720
6720
6720
6722
6723
6724
6726
6726
6726
6731
6731
6731
6733
6735
6735
6735
6735
6737
6737
6738
6741
6741
6742
6742
6747
6748
6748
6749
6749
6749
6750
6750
6750
6750
6750
6751
6751
6752
6754
6754
6754
6759
6760
6761
6763
6764
6765
6766
6767
6770
6771
6771
6772
6773
6774
6774
6774
6775
6775
6778
6778
6779
6779
6780
6780
6781
6782
6782
6783
6784
6790
6790
6796
6797
6798
6799
6803
6804
6805
6806
6808
6809
6809
6810
6811
6812
6812
6817
6817
6817
6818
6818
6819
6819
6819
6821
6822
6824
6824
6824
6827
6827
6828
6830
6831
6833
6833
6833
6837
6838
6838
6839
6841
6844
6844
6845
6845
6848
6848
6855
6855
6857
6858
6860
6860
6862
6864
6864
6865
6866
6867
6868
6869
6870
6871
6873
6874
6877
6879
6880
6882
6883
6886
6886
6886
6887
6887
6889
6890
6892
6892
6892
6892
6893
6894
6894
6895
6895
6898
6899
6900
6900
6900
6901
6902
6903
6904
6905
6905
6909
6910
6912
6913
6914
6915
6915
6915
6917
6917
6918
6918
6918
6918
6920
6924
6924
6926
6929
6930
6930
6931
6932
6935
6935
6935
6938
6939
6941
6944
6947
6948
6948
6949
6949
6953
6954
6954
6954
6956
6957
6958
6958
6960
6962
6963
6963
6963
6965
6965
6965
6965
6966
6966
6966
6966
6970
6972
6973
6975
6977
6979
6980
6981
6981
6981
6985
6988
6990
6991
6991
6994
6995
6997
6997
7000
7001
7001
7002
7002
7004
7005
7006
7006
7007
7008
7008
7009
7009
7009
7013
7013
7014
7015
7016
7017
7019
7020
7020
7021
7021
7021
7021
7024
7024
7025
7025
7025
7029
7030
7032
7033
7035
7037
7037
7038
7038
7039
7041
7041
7042
7045
7045
7046
7048
7049
7049
7050
7050
7052
7053
7053
7054
7055
7058
7060
7060
7061
7063
7064
7064
7065
7065
7066
7069
7070
7070
7071
7072
7072
7072
7073
7075
7076
7078
7079
7079
7080
7080
7081
7081
7082
7082
7083
7084
7084
7085
7086
7087
7088
7089
7089
7091
7091
7091
7093
7093
7096
7097
7097
7098
7099
7100
7102
7105
7106
7108
7108
7111
7112
7112
7114
7115
7115
7117
7118
7118
7120
7121
7122
7124
7124
7124
7126
7126
7128
7128
7128
7129
7129
7130
7130
7133
7133
7134
7138
7140
7140
7140
7142
7142
7145
7145
7146
7146
7146
7147
7148
7149
7149
7151
7152
7152
7153
7154
7154
7154
7155
7155
7155
7156
7157
7158
7160
7161
7162
7162
7163
7164
7165
7167
7167
7167
7168
7169
7170
7170
7172
7173
7174
7174
7175
7175
7175
7175
7175
7176
7177
7180
7180
7183
7183
7185
7185
7186
7187
7187
7187
7187
7188
7193
7194
7196
7197
7198
7199
7200
7201
7201
7205
7207
7207
7207
7208
7208
7208
7208
7216
7217
7218
7218
7219
7220
7222
7224
7229
7231
7231
7232
7232
7234
7234
7235
7237
7239
7240
7241
7241
7243
7244
7244
7245
7246
7248
7249
7253
7256
7256
7257
7257
7259
7260
7260
7260
7261
7261
7264
7266
7269
7269
7270
7270
7271
7271
7271
7271
7271
7275
7276
7276
7278
7278
7281
7282
7282
7282
7282
7283
7283
7284
7287
7287
7288
7288
7289
7290
7290
7291
7291
7291
7294
7294
7294
7294
7295
7297
7298
7300
7301
7302
7303
7305
7305
7305
7305
7306
7306
7306
7306
7307
7308
7309
7311
7313
7315
7317
7317
7319
7319
7322
7323
7327
7328
7329
7329
7329
7330
7330
7331
7333
7333
7335
7336
7339
7340
7340
7341
7341
7342
7344
7345
7345
7347
7347
7347
7348
7349
7350
7352
7353
7354
7355
7356
7356
7357
7361
7363
7367
7367
7367
7370
7370
7371
7371
7371
7372
7372
7373
7374
7375
7376
7377
7378
7379
7380
7381
7384
7386
7386
7387
7390
7390
7392
7393
7394
7395
7396
7396
7397
7398
7399
7400
7402
7404
7404
7405
7405
7406
7406
7407
7408
7408
7409
7410
7411
7412
7413
7413
7414
7414
7415
7415
7416
7416
7417
7418
7419
7420
7420
7420
7423
7424
7426
7426
7427
7428
7429
7430
7430
7431
7434
7434
7434
7435
7435
7436
7437
7441
7441
7441
7442
7445
7445
7446
7447
7448
7451
7452
7452
7453
7453
7454
7455
7455
7456
7457
7457
7457
7458
7458
7458
7459
7460
7461
7462
7465
7468
7468
7469
7473
7473
7474
7476
7477
7478
7479
7480
7480
7481
7483
7484
7484
7485
7487
7489
7489
7490
7490
7491
7491
7492
7493
7493
7494
7494
7494
7499
7499
7500
7500
7501
7501
7501
7503
7505
7507
7508
7511
7514
7516
7517
7518
7522
7524
7524
7524
7525
7526
7527
7527
7529
7532
7532
7533
7533
7534
7535
7535
7535
7535
7535
7536
7536
7537
7537
7537
7538
7538
7538
7538
7540
7541
7541
7544
7545
7546
7547
7547
7547
7548
7548
7548
7549
7550
7550
7552
7553
7553
7553
7554
7555
7556
7556
7557
7558
7559
7560
7561
7561
7561
7563
7563
7564
7565
7566
7567
7567
7567
7568
7570
7571
7571
7572
7573
7574
7574
7575
7576
7578
7578
7578
7578
7579
7580
7581
7581
7583
7583
7585
7585
7585
7585
7585
7586
7586
7588
7590
7593
7594
7594
7595
7595
7595
7596
7597
7599
7599
7599
7599
7600
7600
7601
7603
7603
7604
7606
7609
7610
7610
7610
7612
7613
7614
7614
7615
7615
7615
7615
7616
7617
7617
7618
7621
7623
7624
7625
7625
7626
7626
7626
7627
7627
7628
7629
7630
7633
7633
7634
7636
7637
7637
7638
7639
7639
7641
7642
7642
7645
7645
7648
7649
7650
7650
7651
7654
7655
7656
7656
7657
7659
7660
7660
7662
7662
7662
7663
7664
7665
7667
7669
7669
7672
7673
7673
7674
7676
7676
7677
7677
7678
7678
7679
7681
7681
7683
7685
7686
7686
7687
7688
7688
7688
7688
7690
7693
7693
7693
7700
7701
7701
7701
7702
7702
7702
7702
7703
7703
7703
7703
7705
7706
7709
7709
7711
7711
7711
7711
7712
7713
7713
7714
7716
7718
7719
7719
7719
7721
7721
7722
7726
7727
7729
7729
7730
7731
7732
7733
7733
7734
7735
7736
7736
7737
7737
7740
7741
7741
7742
7743
7745
7745
7746
7746
7747
7750
7751
7752
7753
7753
7755
7755
7756
7756
7757
7757
7758
7758
7759
7759
7760
7761
7761
7763
7767
7769
7769
7771
7772
7773
7777
7778
7779
7779
7779
7779
7779
7782
7782
7783
7783
7785
7786
7786
7787
7788
7788
7789
7790
7791
7792
7792
7793
7794
7794
7794
7797
7798
7798
7803
7803
7803
7803
7803
7804
7804
7806
7808
7809
7812
7812
7813
7814
7816
7816
7816
7818
7818
7820
7820
7820
7820
7820
7820
7822
7823
7829
7830
7830
7831
7832
7832
7833
7835
7836
7836
7838
7839
7840
7842
7843
7844
7844
7845
7845
7847
7849
7850
7850
7852
7854
7855
7856
7858
7859
7862
7862
7865
7866
7866
7868
7869
7871
7871
7871
7872
7874
7874
7875
7876
7876
7876
7876
7877
7877
7877
7879
7879
7879
7879
7882
7882
7884
7885
7886
7887
7887
7888
7890
7890
7892
7892
7893
7893
7894
7894
7896
7897
7898
7898
7899
7900
7901
7902
7902
7906
7907
7907
7908
7909
7909
7910
7910
7910
7912
7912
7912
7914
7916
7919
7920
7920
7923
7924
7928
7929
7930
7931
7933
7933
7933
7935
7935
7936
7938
7939
7944
7944
7947
7947
7948
7949
7949
7951
7955
7955
7955
7956
7956
7957
7958
7960
7962
7964
7965
7965
7969
7970
7972
7973
7974
7977
7978
7981
7981
7982
7984
7985
7986
7986
7988
7988
7989
7993
7993
7995
7996
7996
7997
7997
7998
8001
8002
8003
8007
8008
8009
8010
8011
8015
8016
8016
8016
8017
8018
8018
8019
8019
8020
8021
8021
8021
8022
8023
8023
8024
8024
8025
8028
8028
8029
8030
8030
8030
8031
8031
8031
8032
8033
8038
8039
8039
8043
8043
8044
8044
8044
8045
8046
8046
8046
8050
8050
8053
8054
8054
8054
8056
8057
8057
8058
8059
8059
8064
8065
8066
8067
8068
8069
8070
8073
8073
8073
8074
8075
8075
8076
8077
8078
8079
8079
8080
8080
8084
8086
8086
8087
8087
8087
8088
8088
8088
8093
8094
8094
8095
8096
8096
8099
8100
8101
8102
8102
8102
8104
8104
8105
8106
8107
8108
8108
8108
8110
8111
8112
8112
8116
8119
8120
8120
8120
8123
8124
8125
8126
8127
8127
8128
8128
8128
8129
8130
8133
8135
8137
8137
8137
8137
8138
8138
8138
8140
8140
8140
8140
8140
8140
8141
8141
8142
8143
8143
8143
8145
8145
8145
8146
8151
8151
8152
8152
8152
8152
8153
8154
8154
8154
8155
8155
8155
8156
8156
8157
8158
8158
8158
8160
8164
8165
8166
8167
8168
8168
8169
8169
8172
8172
8174
8175
8177
8177
8178
8178
8178
8178
8179
8181
8182
8183
8184
8184
8185
8188
8190
8191
8195
8199
8200
8200
8202
8202
8203
8203
8206
8208
8208
8208
8208
8208
8209
8209
8212
8212
8213
8214
8215
8219
8220
8220
8224
8224
8224
8224
8226
8227
8229
8231
8232
8232
8234
8234
8234
8235
8235
8236
8236
8236
8237
8238
8240
8240
8240
8240
8240
8241
8241
8244
8244
8245
8245
8246
8246
8247
8248
8250
8251
8252
8255
8255
8255
8258
8260
8261
8261
8261
8262
8263
8264
8264
8265
8265
8267
8267
8269
8270
8274
8274
8277
8277
8279
8280
8280
8280
8281
8281
8281
8287
8289
8289
8290
8290
8291
8291
8293
8293
8293
8293
8295
8296
8297
8298
8298
8299
8299
8299
8301
8302
8303
8304
8304
8306
8308
8309
8310
8310
8311
8312
8312
8313
8318
8318
8319
8320
8320
8321
8321
8322
8323
8324
8331
8331
8332
8333
8336
8340
8341
8341
8341
8342
8343
8343
8343
8345
8345
8345
8346
8346
8346
8347
8349
8349
8352
8354
8354
8355
8357
8358
8359
8360
8360
8361
8362
8363
8365
8365
8366
8367
8369
8369
8369
8369
8370
8371
8374
8375
8375
8375
8378
8378
8379
8380
8380
8383
8384
8385
8385
8386
8390
8390
8391
8393
8395
8395
8396
8398
8399
8400
8400
8401
8402
8402
8403
8404
8404
8404
8405
8407
8408
8408
8408
8409
8409
8410
8412
8413
8414
8414
8415
8415
8415
8416
8417
8418
8419
8420
8421
8421
8421
8423
8425
8425
8426
8426
8426
8426
8427
8428
8429
8430
8430
8435
8435
8435
8435
8437
8437
8437
8439
8441
8442
8443
8444
8444
8445
8446
8449
8452
8454
8454
8455
8455
8456
8456
8457
8458
8459
8460
8461
8462
8467
8467
8468
8469
8471
8473
8475
8475
8475
8476
8477
8478
8482
8482
8483
8484
8484
8486
8487
8487
8487
8489
8490
8490
8490
8491
8492
8493
8493
8493
8493
8493
8493
8493
8494
8495
8495
8500
8501
8501
8501
8502
8502
8502
8503
8503
8504
8504
8505
8506
8509
8510
8510
8511
8511
8511
8514
8514
8515
8516
8516
8518
8519
8521
8521
8521
8521
8522
8522
8523
8524
8524
8524
8525
8525
8527
8530
8531
8532
8532
8533
8533
8534
8536
8536
8537
8538
8538
8540
8540
8542
8542
8543
8544
8546
8548
8549
8549
8550
8551
8551
8551
8552
8553
8553
8553
8555
8556
8556
8558
8559
8560
8560
8560
8561
8562
8563
8563
8564
8564
8566
8567
8568
8569
8569
8570
8571
8571
8572
8573
8575
8576
8579
8580
8580
8580
8582
8583
8586
8587
8587
8587
8588
8588
8590
8591
8591
8591
8592
8592
8593
8593
8594
8595
8597
8598
8599
8599
8602
8602
8602
8603
8603
8605
8607
8607
8607
8607
8610
8613
8615
8616
8617
8617
8620
8620
8621
8621
8622
8622
8622
8623
8624
8625
8626
8626
8626
8626
8627
8627
8629
8629
8631
8632
8635
8636
8636
8636
8640
8640
8641
8641
8641
8643
8644
8644
8644
8645
8645
8645
8647
8648
8648
8649
8652
8653
8653
8654
8654
8656
8656
8657
8661
8663
8664
8664
8666
8667
8667
8667
8667
8669
8669
8670
8670
8672
8673
8673
8673
8674
8674
8678
8678
8678
8679
8679
8680
8681
8682
8682
8684
8685
8685
8686
8688
8690
8691
8691
8692
8692
8693
8694
8694
8694
8696
8696
8696
8696
8698
8698
8699
8699
8700
8701
8702
8703
8707
8708
8710
8710
8713
8713
8714
8714
8714
8716
8716
8717
8717
8719
8719
8720
8720
8721
8723
8724
8724
8725
8726
8726
8728
8728
8729
8729
8730
8730
8732
8733
8733
8734
8736
8737
8744
8744
8745
8745
8746
8747
8747
8748
8748
8749
8751
8751
8752
8754
8755
8755
8756
8758
8759
8761
8761
8761
8761
8762
8764
8764
8765
8767
8768
8769
8769
8769
8770
8771
8773
8773
8775
8775
8775
8777
8778
8779
8780
8780
8781
8781
8783
8783
8784
8786
8787
8787
8787
8788
8789
8789
8791
8791
8792
8792
8792
8793
8793
8794
8794
8796
8797
8797
8797
8800
8802
8802
8803
8804
8805
8805
8812
8813
8814
8814
8814
8816
8817
8817
8822
8825
8826
8828
8829
8829
8831
8832
8832
8832
8833
8834
8841
8841
8842
8843
8844
8845
8845
8846
8847
8848
8848
8849
8850
8850
8853
8856
8857
8858
8862
8863
8866
8866
8866
8866
8868
8868
8869
8870
8870
8870
8871
8871
8871
8871
8872
8873
8873
8877
8878
8878
8880
8880
8880
8881
8882
8883
8884
8887
8890
8891
8891
8893
8894
8895
8896
8898
8899
8899
8901
8902
8907
8908
8909
8910
8910
8912
8912
8912
8912
8912
8912
8913
8913
8915
8916
8917
8917
8921
8923
8924
8924
8924
8925
8927
8928
8929
8929
8932
8933
8933
8934
8934
8935
8935
8935
8936
8937
8938
8940
8941
8942
8942
8943
8943
8943
8943
8945
8946
8948
8948
8951
8952
8953
8953
8955
8956
8957
8958
8960
8960
8961
8962
8962
8962
8964
8964
8965
8965
8966
8966
8967
8967
8968
8968
8969
8971
8972
8973
8973
8976
8978
8978
8979
8981
8983
8983
8984
8985
8985
8986
8988
8990
8991
8992
8992
8993
8994
8994
8994
8995
8996
8997
8998
8998
8999
9002
9006
9008
9008
9010
9010
9011
9011
9012
9013
9014
9015
9015
9017
9017
9018
9018
9018
9020
9020
9021
9021
9022
9022
9022
9022
9024
9025
9026
9029
9029
9031
9031
9033
9033
9034
9034
9034
9034
9035
9036
9040
9040
9043
9043
9044
9046
9048
9050
9050
9050
9052
9052
9053
9054
9054
9055
9055
9055
9056
9056
9057
9058
9059
9059
9060
9065
9065
9065
9067
9067
9070
9073
9074
9075
9078
9079
9079
9081
9081
9082
9082
9083
9085
9086
9086
9086
9086
9090
9093
9094
9095
9096
9100
9100
9101
9102
9105
9106
9106
9107
9109
9111
9111
9113
9113
9114
9114
9116
9116
9118
9119
9120
9120
9122
9122
9123
9124
9124
9125
9125
9128
9130
9132
9133
9134
9134
9136
9137
9138
9139
9143
9144
9145
9145
9146
9147
9147
9148
9149
9149
9150
9151
9153
9153
9154
9154
9159
9159
9161
9162
9162
9162
9163
9164
9165
9166
9169
9170
9170
9173
9174
9174
9175
9175
9176
9176
9178
9179
9179
9181
9181
9181
9181
9184
9185
9186
9187
9187
9187
9188
9190
9191
9193
9194
9194
9197
9198
9202
9203
9204
9204
9205
9207
9208
9209
9209
9210
9210
9211
9212
9212
9213
9216
9216
9217
9217
9219
9223
9223
9223
9225
9225
9226
9226
9227
9227
9228
9228
9229
9231
9231
9232
9232
9233
9233
9240
9241
9241
9241
9243
9243
9243
9245
9246
9246
9246
9246
9246
9247
9248
9248
9250
9251
9251
9253
9254
9254
9255
9257
9258
9258
9258
9259
9260
9260
9261
9261
9261
9261
9262
9262
9262
9263
9264
9265
9265
9268
9269
9269
9272
9273
9274
9277
9277
9277
9278
9279
9281
9282
9284
9286
9286
9287
9288
9289
9294
9295
9297
9299
9299
9299
9300
9300
9301
9302
9303
9304
9304
9306
9310
9312
9312
9314
9315
9318
9319
9319
9319
9319
9321
9321
9324
9324
9326
9327
9328
9328
9330
9331
9331
9336
9336
9337
9338
9338
9341
9342
9343
9344
9345
9346
9347
9347
9348
9348
9348
9349
9349
9350
9350
9350
9351
9351
9352
9352
9355
9355
9359
9359
9362
9363
9366
9367
9368
9369
9371
9372
9373
9374
9374
9375
9375
9376
9377
9378
9378
9381
9381
9381
9382
9386
9386
9391
9394
9397
9397
9397
9398
9399
9400
9403
9404
9405
9406
9407
9408
9410
9410
9410
9414
9415
9417
9417
9418
9420
9421
9423
9424
9424
9424
9424
9424
9425
9425
9426
9426
9427
9427
9428
9429
9431
9433
9433
9433
9435
9435
9435
9436
9437
9437
9440
9442
9442
9443
9443
9444
9445
9447
9449
9450
9450
9450
9450
9451
9451
9451
9453
9454
9456
9456
9458
9459
9460
9462
9465
9466
9468
9468
9469
9472
9473
9475
9475
9476
9477
9477
9477
9478
9481
9481
9486
9487
9487
9487
9487
9487
9488
9489
9489
9489
9490
9490
9491
9492
9493
9493
9494
9496
9496
9497
9498
9498
9499
9499
9499
9499
9499
9501
9501
9502
9502
9503
9503
9503
9504
9505
9509
9510
9510
9511
9511
9512
9513
9513
9514
9515
9518
9519
9520
9522
9522
9524
9536
9538
9538
9539
9540
9542
9542
9542
9544
9547
9547
9547
9548
9550
9551
9553
9553
9553
9553
9554
9554
9555
9555
9556
9557
9557
9558
9559
9559
9560
9561
9562
9565
9565
9566
9567
9569
9570
9570
9571
9572
9576
9576
9577
9578
9578
9579
9580
9584
9585
9586
9586
9590
9591
9593
9593
9593
9595
9595
9596
9597
9598
9598
9599
9599
9600
9600
9602
9602
9606
9606
9606
9607
9607
9608
9609
9610
9611
9611
9611
9612
9612
9613
9614
9614
9615
9616
9619
9621
9623
9626
9626
9626
9627
9627
9627
9628
9629
9633
9634
9634
9635
9635
9635
9636
9636
9642
9643
9643
9644
9644
9644
9645
9647
9649
9650
9652
9653
9654
9656
9657
9657
9660
9661
9664
9665
9666
9667
9668
9669
9669
9670
9670
9670
9670
9671
9671
9676
9677
9678
9679
9681
9682
9682
9683
9684
9686
9686
9687
9687
9689
9691
9694
9697
9697
9702
9704
9708
9712
9712
9713
9713
9717
9718
9718
9719
9719
9720
9721
9722
9722
9724
9724
9726
9726
9727
9727
9731
9731
9732
9732
9735
9738
9739
9739
9739
9740
9741
9743
9743
9743
9743
9744
9744
9745
9746
9747
9747
9747
9747
9748
9749
9749
9750
9750
9750
9751
9752
9752
9753
9754
9754
9754
9760
9762
9763
9766
9767
9767
9768
9768
9769
9769
9771
9772
9772
9772
9773
9773
9774
9775
9775
9776
9776
9777
9777
9777
9778
9779
9781
9783
9785
9785
9786
9787
9788
9789
9791
9793
9793
9799
9799
9800
9801
9802
9802
9802
9803
9803
9804
9807
9807
9808
9808
9809
9809
9809
9811
9812
9814
9815
9815
9815
9816
9820
9821
9821
9821
9822
9823
9824
9824
9826
9827
9827
9828
9830
9831
9832
9833
9833
9834
9836
9836
9836
9837
9837
9837
9839
9840
9840
9840
9840
9840
9841
9843
9843
9844
9847
9848
9849
9852
9852
9852
9853
9855
9857
9857
9861
9861
9863
9864
9865
9865
9867
9868
9868
9869
9869
9871
9874
9874
9875
9876
9877
9878
9879
9879
9882
9882
9883
9883
9884
9884
9884
9885
9886
9886
9886
9888
9890
9891
9894
9895
9896
9900
9900
9903
9903
9903
9903
9904
9907
9907
9907
9909
9910
9910
9911
9912
9914
9916
9916
9918
9920
9922
9922
9923
9923
9928
9929
9930
9930
9931
9931
9933
9938
9939
9940
9940
9941
9942
9943
9945
9945
9945
9945
9946
9947
9948
9948
9952
9952
9954
9954
9955
9955
9956
9956
9959
9960
9962
9963
9963
9964
9964
9964
9965
9966
9967
9969
9970
9972
9974
9975
9975
9976
9976
9978
9980
9980
9982
9983
9985
9985
9987
9987
9989
9990
9992
9993
9993
9993
9994
9996
9997
9998
9998
9999
9999
