Runtime: 0 ms
3
3
7
8
9
9
11
12
12
14
14
14
15
15
15
16
16
17
17
17
18
22
26
30
30
30
31
34
36
36
37
38
38
41
41
41
42
43
44
44
45
48
50
51
52
53
57
57
57
57
58
60
61
61
61
62
63
63
63
65
66
66
66
69
71
75
76
77
78
78
78
82
83
84
85
86
86
86
86
90
90
91
97
98
98
99
100
101
101
101
102
103
104
104
107
108
111
112
113
113
114
115
115
115
116
116
116
118
118
119
119
120
120
121
122
122
123
126
127
128
128
129
131
132
133
135
135
135
138
138
138
138
138
139
140
140
140
140
140
140
140
141
141
141
141
142
145
147
149
149
149
151
152
152
152
154
155
155
157
157
158
159
159
161
161
162
162
163
164
165
165
168
170
170
170
170
172
178
180
181
181
183
184
184
185
186
186
187
188
188
189
190
191
192
194
194
196
197
197
198
198
198
199
200
201
201
203
204
204
205
206
206
207
208
208
208
210
210
210
210
211
217
219
219
219
220
220
222
223
224
224
224
226
226
226
227
227
227
227
227
228
228
231
237
238
238
238
240
240
241
242
242
243
245
245
246
248
249
250
250
251
251
252
253
254
254
254
256
260
260
260
263
263
264
265
265
266
270
271
273
274
274
275
275
276
281
282
283
283
284
288
289
291
292
292
298
299
300
301
303
303
303
305
305
307
308
308
309
309
309
315
315
316
317
319
319
319
320
321
321
321
326
326
328
328
329
330
330
332
332
335
335
341
343
344
344
344
345
346
346
347
348
350
353
353
353
357
357
357
360
361
362
364
368
368
369
369
370
371
371
371
371
371
371
376
377
377
377
377
378
381
381
382
382
385
385
388
389
391
391
391
393
395
395
397
397
399
399
399
401
401
405
405
405
405
407
408
409
409
409
412
412
412
412
412
413
413
415
416
416
416
417
417
418
419
420
420
421
422
423
425
427
427
430
430
431
431
431
432
433
436
436
436
437
437
438
438
441
442
442
443
446
451
451
451
453
454
454
454
457
460
460
460
461
461
462
462
463
465
466
466
466
467
467
467
468
468
470
474
474
474
475
479
479
481
482
483
483
484
485
486
487
489
490
490
492
492
493
494
495
495
499
500
500
503
504
504
505
505
505
506
506
507
508
509
509
511
511
511
512
513
513
515
516
516
516
517
519
520
520
520
524
525
525
526
526
526
530
531
531
532
533
533
536
536
536
536
537
538
538
539
539
541
541
541
544
545
548
549
550
551
551
557
558
559
560
562
563
565
565
568
568
569
569
571
573
573
575
575
575
576
577
578
580
582
582
582
583
583
584
585
585
586
586
587
587
587
588
589
589
589
590
592
593
595
596
597
598
600
601
601
601
601
602
602
605
605
606
607
609
610
612
613
614
616
617
617
620
620
620
621
621
622
622
625
625
627
627
629
629
630
630
633
633
635
636
637
637
638
639
639
642
646
646
647
648
650
650
651
654
654
656
657
657
658
659
661
663
664
665
666
666
666
666
666
668
669
669
669
672
673
673
674
674
676
676
676
679
679
680
683
683
686
687
687
690
691
691
692
695
696
696
697
698
699
699
701
702
703
703
703
703
704
705
705
705
707
707
707
708
708
708
709
710
712
712
715
715
716
716
719
720
720
721
722
722
724
724
725
725
727
727
727
732
737
738
742
743
743
743
744
744
745
746
747
747
747
750
750
751
751
751
753
753
753
753
754
754
754
754
757
758
758
760
762
762
765
765
766
768
769
769
770
772
773
774
775
775
776
777
778
778
780
781
783
784
788
789
789
789
789
789
789
790
792
792
793
795
796
796
797
797
799
799
799
799
799
801
805
805
805
805
806
808
808
809
809
810
811
812
813
816
818
818
819
821
823
825
827
827
827
827
828
830
832
833
834
834
836
836
838
840
840
841
841
842
842
842
843
843
843
843
844
847
849
850
852
852
853
853
854
854
855
856
856
857
859
859
860
864
864
865
865
867
869
870
870
870
872
873
875
876
878
879
881
882
883
884
885
888
892
893
897
898
903
903
905
905
907
909
909
911
912
912
913
913
913
914
917
917
917
918
918
919
919
920
922
922
923
925
925
925
929
930
930
932
932
935
936
937
937
939
940
940
942
942
943
944
944
944
949
949
950
950
951
952
953
953
954
954
954
955
955
956
958
959
961
961
962
962
962
962
965
966
966
966
968
968
969
970
974
975
975
975
975
976
977
977
979
979
980
980
981
982
983
984
985
986
986
987
987
990
991
991
992
993
994
995
997
998
